img0000.jpg
-4.37114e-08 1 0 0 
0.242536 1.06016e-08 0.970142 -0.291043 
0.970143 4.24063e-08 -0.242536 -1.16417 
0 0 0 1 
1.29904 0 0 0 
0 1.73205 0 0 
0 0 -1.10526 -1.05263 
0 0 -1 0 
img0001.jpg
0.0980171 0.995185 0 0 
0.241368 -0.0237726 0.970143 -0.291043 
0.965471 -0.0950906 -0.242536 -1.16417 
0 0 0 1 
1.29904 0 0 0 
0 1.73205 0 0 
0 0 -1.10526 -1.05263 
0 0 -1 0 
img0002.jpg
0.19509 0.980785 0 0 
0.237875 -0.0473163 0.970143 -0.291043 
0.951502 -0.189265 -0.242536 -1.16417 
0 0 0 1 
1.29904 0 0 0 
0 1.73205 0 0 
0 0 -1.10526 -1.05263 
0 0 -1 0 
img0003.jpg
0.290285 0.95694 0 0 
0.232092 -0.0704044 0.970143 -0.291043 
0.928369 -0.281617 -0.242536 -1.16417 
0 0 0 1 
1.29904 0 0 0 
0 1.73205 0 0 
0 0 -1.10526 -1.05263 
0 0 -1 0 
img0004.jpg
0.382683 0.92388 0 0 
0.224074 -0.0928144 0.970143 -0.291043 
0.896295 -0.371257 -0.242536 -1.16417 
0 0 0 1 
1.29904 0 0 0 
0 1.73205 0 0 
0 0 -1.10526 -1.05263 
0 0 -1 0 
img0005.jpg
0.471397 0.881921 0 0 
0.213897 -0.114331 0.970143 -0.291043 
0.855589 -0.457322 -0.242536 -1.16417 
0 0 0 1 
1.29904 0 0 0 
0 1.73205 0 0 
0 0 -1.10526 -1.05263 
0 0 -1 0 
img0006.jpg
0.55557 0.83147 0 0 
0.201661 -0.134746 0.970143 -0.291043 
0.806644 -0.538982 -0.242536 -1.16417 
0 0 0 1 
1.29904 0 0 0 
0 1.73205 0 0 
0 0 -1.10526 -1.05263 
0 0 -1 0 
img0007.jpg
0.634393 0.77301 0 0 
0.187483 -0.153863 0.970143 -0.291043 
0.74993 -0.615452 -0.242536 -1.16417 
0 0 0 1 
1.29904 0 0 0 
0 1.73205 0 0 
0 0 -1.10526 -1.05263 
0 0 -1 0 
img0008.jpg
0.707107 0.707107 0 0 
0.171499 -0.171499 0.970143 -0.291043 
0.685994 -0.685994 -0.242536 -1.16417 
0 0 0 1 
1.29904 0 0 0 
0 1.73205 0 0 
0 0 -1.10526 -1.05263 
0 0 -1 0 
img0009.jpg
0.77301 0.634393 0 0 
0.153863 -0.187483 0.970143 -0.291043 
0.615452 -0.74993 -0.242536 -1.16417 
0 0 0 1 
1.29904 0 0 0 
0 1.73205 0 0 
0 0 -1.10526 -1.05263 
0 0 -1 0 
img0010.jpg
0.83147 0.55557 0 0 
0.134746 -0.201661 0.970143 -0.291043 
0.538982 -0.806644 -0.242536 -1.16417 
0 0 0 1 
1.29904 0 0 0 
0 1.73205 0 0 
0 0 -1.10526 -1.05263 
0 0 -1 0 
img0011.jpg
0.881921 0.471397 0 0 
0.114331 -0.213897 0.970143 -0.291043 
0.457322 -0.855589 -0.242536 -1.16417 
0 0 0 1 
1.29904 0 0 0 
0 1.73205 0 0 
0 0 -1.10526 -1.05263 
0 0 -1 0 
img0012.jpg
0.92388 0.382683 0 0 
0.0928144 -0.224074 0.970143 -0.291043 
0.371258 -0.896295 -0.242536 -1.16417 
0 0 0 1 
1.29904 0 0 0 
0 1.73205 0 0 
0 0 -1.10526 -1.05263 
0 0 -1 0 
img0013.jpg
0.95694 0.290285 0 0 
0.0704044 -0.232092 0.970143 -0.291043 
0.281617 -0.928369 -0.242536 -1.16417 
0 0 0 1 
1.29904 0 0 0 
0 1.73205 0 0 
0 0 -1.10526 -1.05263 
0 0 -1 0 
img0014.jpg
0.980785 0.19509 0 0 
0.0473163 -0.237875 0.970143 -0.291043 
0.189265 -0.951502 -0.242536 -1.16417 
0 0 0 1 
1.29904 0 0 0 
0 1.73205 0 0 
0 0 -1.10526 -1.05263 
0 0 -1 0 
img0015.jpg
0.995185 0.0980172 0 0 
0.0237727 -0.241368 0.970143 -0.291043 
0.0950906 -0.965471 -0.242536 -1.16417 
0 0 0 1 
1.29904 0 0 0 
0 1.73205 0 0 
0 0 -1.10526 -1.05263 
0 0 -1 0 
img0016.jpg
1 0 0 0 
0 -0.242536 0.970143 -0.291043 
-0 -0.970143 -0.242536 -1.16417 
0 0 0 1 
1.29904 0 0 0 
0 1.73205 0 0 
0 0 -1.10526 -1.05263 
0 0 -1 0 
img0017.jpg
0.995185 -0.0980172 0 0 
-0.0237727 -0.241368 0.970143 -0.291043 
-0.0950906 -0.965471 -0.242536 -1.16417 
0 0 0 1 
1.29904 0 0 0 
0 1.73205 0 0 
0 0 -1.10526 -1.05263 
0 0 -1 0 
img0018.jpg
0.980785 -0.19509 0 0 
-0.0473163 -0.237875 0.970143 -0.291043 
-0.189265 -0.951502 -0.242536 -1.16417 
0 0 0 1 
1.29904 0 0 0 
0 1.73205 0 0 
0 0 -1.10526 -1.05263 
0 0 -1 0 
img0019.jpg
0.95694 -0.290285 0 0 
-0.0704044 -0.232092 0.970143 -0.291043 
-0.281617 -0.928369 -0.242536 -1.16417 
0 0 0 1 
1.29904 0 0 0 
0 1.73205 0 0 
0 0 -1.10526 -1.05263 
0 0 -1 0 
img0020.jpg
0.92388 -0.382683 0 0 
-0.0928144 -0.224074 0.970143 -0.291043 
-0.371258 -0.896295 -0.242536 -1.16417 
0 0 0 1 
1.29904 0 0 0 
0 1.73205 0 0 
0 0 -1.10526 -1.05263 
0 0 -1 0 
img0021.jpg
0.881921 -0.471397 0 0 
-0.114331 -0.213897 0.970143 -0.291043 
-0.457322 -0.855589 -0.242536 -1.16417 
0 0 0 1 
1.29904 0 0 0 
0 1.73205 0 0 
0 0 -1.10526 -1.05263 
0 0 -1 0 
img0022.jpg
0.83147 -0.55557 0 0 
-0.134746 -0.201661 0.970143 -0.291043 
-0.538982 -0.806644 -0.242536 -1.16417 
0 0 0 1 
1.29904 0 0 0 
0 1.73205 0 0 
0 0 -1.10526 -1.05263 
0 0 -1 0 
img0023.jpg
0.77301 -0.634393 0 0 
-0.153863 -0.187483 0.970143 -0.291043 
-0.615452 -0.74993 -0.242536 -1.16417 
0 0 0 1 
1.29904 0 0 0 
0 1.73205 0 0 
0 0 -1.10526 -1.05263 
0 0 -1 0 
img0024.jpg
0.707107 -0.707107 0 0 
-0.171499 -0.171499 0.970143 -0.291043 
-0.685994 -0.685994 -0.242536 -1.16417 
0 0 0 1 
1.29904 0 0 0 
0 1.73205 0 0 
0 0 -1.10526 -1.05263 
0 0 -1 0 
img0025.jpg
0.634393 -0.77301 0 0 
-0.187483 -0.153863 0.970143 -0.291043 
-0.74993 -0.615452 -0.242536 -1.16417 
0 0 0 1 
1.29904 0 0 0 
0 1.73205 0 0 
0 0 -1.10526 -1.05263 
0 0 -1 0 
img0026.jpg
0.55557 -0.83147 0 0 
-0.201661 -0.134746 0.970143 -0.291043 
-0.806644 -0.538982 -0.242536 -1.16417 
0 0 0 1 
1.29904 0 0 0 
0 1.73205 0 0 
0 0 -1.10526 -1.05263 
0 0 -1 0 
img0027.jpg
0.471397 -0.881921 0 0 
-0.213897 -0.11433 0.970143 -0.291043 
-0.855589 -0.457322 -0.242536 -1.16417 
0 0 0 1 
1.29904 0 0 0 
0 1.73205 0 0 
0 0 -1.10526 -1.05263 
0 0 -1 0 
img0028.jpg
0.382683 -0.92388 0 0 
-0.224074 -0.0928143 0.970143 -0.291043 
-0.896295 -0.371257 -0.242536 -1.16417 
0 0 0 1 
1.29904 0 0 0 
0 1.73205 0 0 
0 0 -1.10526 -1.05263 
0 0 -1 0 
img0029.jpg
0.290285 -0.95694 0 0 
-0.232092 -0.0704044 0.970143 -0.291043 
-0.928369 -0.281618 -0.242536 -1.16417 
0 0 0 1 
1.29904 0 0 0 
0 1.73205 0 0 
0 0 -1.10526 -1.05263 
0 0 -1 0 
img0030.jpg
0.19509 -0.980785 0 0 
-0.237875 -0.0473164 0.970143 -0.291043 
-0.951501 -0.189265 -0.242536 -1.16417 
0 0 0 1 
1.29904 0 0 0 
0 1.73205 0 0 
0 0 -1.10526 -1.05263 
0 0 -1 0 
img0031.jpg
0.0980171 -0.995185 0 0 
-0.241368 -0.0237726 0.970143 -0.291043 
-0.965471 -0.0950906 -0.242536 -1.16417 
0 0 0 1 
1.29904 0 0 0 
0 1.73205 0 0 
0 0 -1.10526 -1.05263 
0 0 -1 0 
img0032.jpg
-4.37114e-08 -1 0 0 
-0.242536 1.06016e-08 0.970142 -0.291043 
-0.970143 4.24063e-08 -0.242536 -1.16417 
0 0 0 1 
1.29904 0 0 0 
0 1.73205 0 0 
0 0 -1.10526 -1.05263 
0 0 -1 0 
img0033.jpg
-0.0980172 -0.995185 0 0 
-0.241368 0.0237727 0.970143 -0.291043 
-0.965471 0.0950907 -0.242536 -1.16417 
0 0 0 1 
1.29904 0 0 0 
0 1.73205 0 0 
0 0 -1.10526 -1.05263 
0 0 -1 0 
img0034.jpg
-0.19509 -0.980785 0 0 
-0.237875 0.0473164 0.970143 -0.291043 
-0.951501 0.189266 -0.242536 -1.16417 
0 0 0 1 
1.29904 0 0 0 
0 1.73205 0 0 
0 0 -1.10526 -1.05263 
0 0 -1 0 
img0035.jpg
-0.290285 -0.95694 0 0 
-0.232092 0.0704044 0.970143 -0.291043 
-0.928369 0.281618 -0.242536 -1.16417 
0 0 0 1 
1.29904 0 0 0 
0 1.73205 0 0 
0 0 -1.10526 -1.05263 
0 0 -1 0 
img0036.jpg
-0.382683 -0.92388 0 0 
-0.224074 0.0928144 0.970143 -0.291043 
-0.896295 0.371257 -0.242536 -1.16417 
0 0 0 1 
1.29904 0 0 0 
0 1.73205 0 0 
0 0 -1.10526 -1.05263 
0 0 -1 0 
img0037.jpg
-0.471397 -0.881921 0 0 
-0.213897 0.114331 0.970143 -0.291043 
-0.855589 0.457322 -0.242536 -1.16417 
0 0 0 1 
1.29904 0 0 0 
0 1.73205 0 0 
0 0 -1.10526 -1.05263 
0 0 -1 0 
img0038.jpg
-0.55557 -0.83147 0 0 
-0.201661 0.134746 0.970142 -0.291043 
-0.806644 0.538982 -0.242536 -1.16417 
0 0 0 1 
1.29904 0 0 0 
0 1.73205 0 0 
0 0 -1.10526 -1.05263 
0 0 -1 0 
img0039.jpg
-0.634393 -0.77301 0 0 
-0.187483 0.153863 0.970143 -0.291043 
-0.74993 0.615452 -0.242536 -1.16417 
0 0 0 1 
1.29904 0 0 0 
0 1.73205 0 0 
0 0 -1.10526 -1.05263 
0 0 -1 0 
img0040.jpg
-0.707107 -0.707107 0 0 
-0.171499 0.171499 0.970143 -0.291043 
-0.685994 0.685994 -0.242536 -1.16417 
0 0 0 1 
1.29904 0 0 0 
0 1.73205 0 0 
0 0 -1.10526 -1.05263 
0 0 -1 0 
img0041.jpg
-0.77301 -0.634393 0 0 
-0.153863 0.187483 0.970142 -0.291043 
-0.615452 0.74993 -0.242536 -1.16417 
0 0 0 1 
1.29904 0 0 0 
0 1.73205 0 0 
0 0 -1.10526 -1.05263 
0 0 -1 0 
img0042.jpg
-0.83147 -0.55557 0 0 
-0.134746 0.201661 0.970143 -0.291043 
-0.538982 0.806644 -0.242536 -1.16417 
0 0 0 1 
1.29904 0 0 0 
0 1.73205 0 0 
0 0 -1.10526 -1.05263 
0 0 -1 0 
img0043.jpg
-0.881921 -0.471397 0 0 
-0.114331 0.213897 0.970143 -0.291043 
-0.457322 0.855589 -0.242536 -1.16417 
0 0 0 1 
1.29904 0 0 0 
0 1.73205 0 0 
0 0 -1.10526 -1.05263 
0 0 -1 0 
img0044.jpg
-0.92388 -0.382683 0 0 
-0.0928143 0.224074 0.970143 -0.291043 
-0.371257 0.896295 -0.242536 -1.16417 
0 0 0 1 
1.29904 0 0 0 
0 1.73205 0 0 
0 0 -1.10526 -1.05263 
0 0 -1 0 
img0045.jpg
-0.95694 -0.290285 0 0 
-0.0704044 0.232092 0.970143 -0.291043 
-0.281618 0.928369 -0.242536 -1.16417 
0 0 0 1 
1.29904 0 0 0 
0 1.73205 0 0 
0 0 -1.10526 -1.05263 
0 0 -1 0 
img0046.jpg
-0.980785 -0.195091 0 0 
-0.0473164 0.237875 0.970143 -0.291043 
-0.189266 0.951501 -0.242536 -1.16417 
0 0 0 1 
1.29904 0 0 0 
0 1.73205 0 0 
0 0 -1.10526 -1.05263 
0 0 -1 0 
img0047.jpg
-0.995185 -0.0980171 0 0 
-0.0237726 0.241368 0.970143 -0.291043 
-0.0950906 0.965471 -0.242536 -1.16417 
0 0 0 1 
1.29904 0 0 0 
0 1.73205 0 0 
0 0 -1.10526 -1.05263 
0 0 -1 0 
img0048.jpg
-1 -1.50996e-07 0 0 
-3.66219e-08 0.242536 0.970143 -0.291043 
-1.46487e-07 0.970143 -0.242536 -1.16417 
0 0 0 1 
1.29904 0 0 0 
0 1.73205 0 0 
0 0 -1.10526 -1.05263 
0 0 -1 0 
img0049.jpg
-0.995185 0.0980173 0 0 
0.0237727 0.241368 0.970142 -0.291043 
0.0950907 0.965471 -0.242536 -1.16417 
0 0 0 1 
1.29904 0 0 0 
0 1.73205 0 0 
0 0 -1.10526 -1.05263 
0 0 -1 0 
img0050.jpg
-0.980785 0.19509 0 0 
0.0473163 0.237875 0.970143 -0.291043 
0.189265 0.951502 -0.242536 -1.16417 
0 0 0 1 
1.29904 0 0 0 
0 1.73205 0 0 
0 0 -1.10526 -1.05263 
0 0 -1 0 
img0051.jpg
-0.95694 0.290285 0 0 
0.0704044 0.232092 0.970143 -0.291043 
0.281618 0.928369 -0.242536 -1.16417 
0 0 0 1 
1.29904 0 0 0 
0 1.73205 0 0 
0 0 -1.10526 -1.05263 
0 0 -1 0 
img0052.jpg
-0.92388 0.382683 0 0 
0.0928144 0.224074 0.970143 -0.291043 
0.371258 0.896295 -0.242536 -1.16417 
0 0 0 1 
1.29904 0 0 0 
0 1.73205 0 0 
0 0 -1.10526 -1.05263 
0 0 -1 0 
img0053.jpg
-0.881921 0.471397 0 0 
0.11433 0.213897 0.970142 -0.291043 
0.457322 0.855589 -0.242536 -1.16417 
0 0 0 1 
1.29904 0 0 0 
0 1.73205 0 0 
0 0 -1.10526 -1.05263 
0 0 -1 0 
img0054.jpg
-0.83147 0.55557 0 0 
0.134746 0.201661 0.970143 -0.291043 
0.538982 0.806644 -0.242536 -1.16417 
0 0 0 1 
1.29904 0 0 0 
0 1.73205 0 0 
0 0 -1.10526 -1.05263 
0 0 -1 0 
img0055.jpg
-0.77301 0.634393 0 0 
0.153863 0.187483 0.970142 -0.291043 
0.615452 0.74993 -0.242536 -1.16417 
0 0 0 1 
1.29904 0 0 0 
0 1.73205 0 0 
0 0 -1.10526 -1.05263 
0 0 -1 0 
img0056.jpg
-0.707107 0.707107 0 0 
0.171499 0.171499 0.970142 -0.291043 
0.685994 0.685994 -0.242536 -1.16417 
0 0 0 1 
1.29904 0 0 0 
0 1.73205 0 0 
0 0 -1.10526 -1.05263 
0 0 -1 0 
img0057.jpg
-0.634393 0.77301 0 0 
0.187483 0.153863 0.970143 -0.291043 
0.74993 0.615452 -0.242536 -1.16417 
0 0 0 1 
1.29904 0 0 0 
0 1.73205 0 0 
0 0 -1.10526 -1.05263 
0 0 -1 0 
img0058.jpg
-0.55557 0.831469 0 0 
0.201661 0.134746 0.970142 -0.291043 
0.806644 0.538983 -0.242536 -1.16417 
0 0 0 1 
1.29904 0 0 0 
0 1.73205 0 0 
0 0 -1.10526 -1.05263 
0 0 -1 0 
img0059.jpg
-0.471397 0.881921 0 0 
0.213897 0.11433 0.970143 -0.291043 
0.855589 0.457322 -0.242536 -1.16417 
0 0 0 1 
1.29904 0 0 0 
0 1.73205 0 0 
0 0 -1.10526 -1.05263 
0 0 -1 0 
img0060.jpg
-0.382684 0.923879 0 0 
0.224074 0.0928144 0.970142 -0.291043 
0.896295 0.371258 -0.242536 -1.16417 
0 0 0 1 
1.29904 0 0 0 
0 1.73205 0 0 
0 0 -1.10526 -1.05263 
0 0 -1 0 
img0061.jpg
-0.290285 0.95694 0 0 
0.232092 0.0704043 0.970143 -0.291043 
0.928369 0.281617 -0.242536 -1.16417 
0 0 0 1 
1.29904 0 0 0 
0 1.73205 0 0 
0 0 -1.10526 -1.05263 
0 0 -1 0 
img0062.jpg
-0.19509 0.980785 0 0 
0.237875 0.0473164 0.970143 -0.291043 
0.951501 0.189265 -0.242536 -1.16417 
0 0 0 1 
1.29904 0 0 0 
0 1.73205 0 0 
0 0 -1.10526 -1.05263 
0 0 -1 0 
img0063.jpg
-0.0980169 0.995185 0 0 
0.241368 0.0237726 0.970143 -0.291043 
0.965471 0.0950904 -0.242536 -1.16417 
0 0 0 1 
1.29904 0 0 0 
0 1.73205 0 0 
0 0 -1.10526 -1.05263 
0 0 -1 0 
img0064.jpg
-4.37114e-08 1 0 0 
0.231939 1.01384e-08 0.97273 -0.291043 
0.97273 4.25194e-08 -0.231939 -1.16417 
0 0 0 1 
1.29904 0 0 0 
0 1.73205 0 0 
0 0 -1.10526 -1.05263 
0 0 -1 0 
img0065.jpg
0.0980171 0.995185 0 0 
0.230822 -0.022734 0.97273 -0.291043 
0.968046 -0.0953443 -0.231939 -1.16417 
0 0 0 1 
1.29904 0 0 0 
0 1.73205 0 0 
0 0 -1.10526 -1.05263 
0 0 -1 0 
img0066.jpg
0.19509 0.980785 0 0 
0.227482 -0.045249 0.97273 -0.291043 
0.95404 -0.18977 -0.231939 -1.16417 
0 0 0 1 
1.29904 0 0 0 
0 1.73205 0 0 
0 0 -1.10526 -1.05263 
0 0 -1 0 
img0067.jpg
0.290285 0.95694 0 0 
0.221952 -0.0673283 0.97273 -0.291043 
0.930845 -0.282369 -0.231939 -1.16417 
0 0 0 1 
1.29904 0 0 0 
0 1.73205 0 0 
0 0 -1.10526 -1.05263 
0 0 -1 0 
img0068.jpg
0.382683 0.92388 0 0 
0.214284 -0.0887591 0.97273 -0.291043 
0.898686 -0.372248 -0.231939 -1.16417 
0 0 0 1 
1.29904 0 0 0 
0 1.73205 0 0 
0 0 -1.10526 -1.05263 
0 0 -1 0 
img0069.jpg
0.471397 0.881921 0 0 
0.204552 -0.109335 0.97273 -0.291043 
0.857872 -0.458542 -0.231939 -1.16417 
0 0 0 1 
1.29904 0 0 0 
0 1.73205 0 0 
0 0 -1.10526 -1.05263 
0 0 -1 0 
img0070.jpg
0.55557 0.83147 0 0 
0.19285 -0.128858 0.97273 -0.291043 
0.808796 -0.54042 -0.231939 -1.16417 
0 0 0 1 
1.29904 0 0 0 
0 1.73205 0 0 
0 0 -1.10526 -1.05263 
0 0 -1 0 
img0071.jpg
0.634393 0.77301 0 0 
0.179291 -0.14714 0.97273 -0.291043 
0.751931 -0.617094 -0.231939 -1.16417 
0 0 0 1 
1.29904 0 0 0 
0 1.73205 0 0 
0 0 -1.10526 -1.05263 
0 0 -1 0 
img0072.jpg
0.707107 0.707107 0 0 
0.164006 -0.164006 0.97273 -0.291043 
0.687824 -0.687824 -0.231939 -1.16417 
0 0 0 1 
1.29904 0 0 0 
0 1.73205 0 0 
0 0 -1.10526 -1.05263 
0 0 -1 0 
img0073.jpg
0.77301 0.634393 0 0 
0.14714 -0.179291 0.97273 -0.291043 
0.617094 -0.751931 -0.231939 -1.16417 
0 0 0 1 
1.29904 0 0 0 
0 1.73205 0 0 
0 0 -1.10526 -1.05263 
0 0 -1 0 
img0074.jpg
0.83147 0.55557 0 0 
0.128858 -0.19285 0.97273 -0.291043 
0.54042 -0.808796 -0.231939 -1.16417 
0 0 0 1 
1.29904 0 0 0 
0 1.73205 0 0 
0 0 -1.10526 -1.05263 
0 0 -1 0 
img0075.jpg
0.881921 0.471397 0 0 
0.109335 -0.204552 0.97273 -0.291043 
0.458542 -0.857872 -0.231939 -1.16417 
0 0 0 1 
1.29904 0 0 0 
0 1.73205 0 0 
0 0 -1.10526 -1.05263 
0 0 -1 0 
img0076.jpg
0.92388 0.382683 0 0 
0.0887591 -0.214284 0.97273 -0.291043 
0.372248 -0.898686 -0.231939 -1.16417 
0 0 0 1 
1.29904 0 0 0 
0 1.73205 0 0 
0 0 -1.10526 -1.05263 
0 0 -1 0 
img0077.jpg
0.95694 0.290285 0 0 
0.0673283 -0.221952 0.97273 -0.291043 
0.282369 -0.930845 -0.231939 -1.16417 
0 0 0 1 
1.29904 0 0 0 
0 1.73205 0 0 
0 0 -1.10526 -1.05263 
0 0 -1 0 
img0078.jpg
0.980785 0.19509 0 0 
0.045249 -0.227482 0.97273 -0.291043 
0.18977 -0.95404 -0.231939 -1.16417 
0 0 0 1 
1.29904 0 0 0 
0 1.73205 0 0 
0 0 -1.10526 -1.05263 
0 0 -1 0 
img0079.jpg
0.995185 0.0980172 0 0 
0.022734 -0.230822 0.97273 -0.291043 
0.0953443 -0.968046 -0.231939 -1.16417 
0 0 0 1 
1.29904 0 0 0 
0 1.73205 0 0 
0 0 -1.10526 -1.05263 
0 0 -1 0 
img0080.jpg
1 0 0 0 
0 -0.231939 0.97273 -0.291043 
-0 -0.97273 -0.231939 -1.16417 
0 0 0 1 
1.29904 0 0 0 
0 1.73205 0 0 
0 0 -1.10526 -1.05263 
0 0 -1 0 
img0081.jpg
0.995185 -0.0980172 0 0 
-0.022734 -0.230822 0.97273 -0.291043 
-0.0953443 -0.968046 -0.231939 -1.16417 
0 0 0 1 
1.29904 0 0 0 
0 1.73205 0 0 
0 0 -1.10526 -1.05263 
0 0 -1 0 
img0082.jpg
0.980785 -0.19509 0 0 
-0.045249 -0.227482 0.97273 -0.291043 
-0.18977 -0.95404 -0.231939 -1.16417 
0 0 0 1 
1.29904 0 0 0 
0 1.73205 0 0 
0 0 -1.10526 -1.05263 
0 0 -1 0 
img0083.jpg
0.95694 -0.290285 0 0 
-0.0673283 -0.221952 0.97273 -0.291043 
-0.282369 -0.930845 -0.231939 -1.16417 
0 0 0 1 
1.29904 0 0 0 
0 1.73205 0 0 
0 0 -1.10526 -1.05263 
0 0 -1 0 
img0084.jpg
0.92388 -0.382683 0 0 
-0.0887591 -0.214284 0.97273 -0.291043 
-0.372248 -0.898686 -0.231939 -1.16417 
0 0 0 1 
1.29904 0 0 0 
0 1.73205 0 0 
0 0 -1.10526 -1.05263 
0 0 -1 0 
img0085.jpg
0.881921 -0.471397 0 0 
-0.109335 -0.204552 0.97273 -0.291043 
-0.458542 -0.857872 -0.231939 -1.16417 
0 0 0 1 
1.29904 0 0 0 
0 1.73205 0 0 
0 0 -1.10526 -1.05263 
0 0 -1 0 
img0086.jpg
0.83147 -0.55557 0 0 
-0.128858 -0.19285 0.97273 -0.291043 
-0.54042 -0.808796 -0.231939 -1.16417 
0 0 0 1 
1.29904 0 0 0 
0 1.73205 0 0 
0 0 -1.10526 -1.05263 
0 0 -1 0 
img0087.jpg
0.77301 -0.634393 0 0 
-0.14714 -0.179291 0.97273 -0.291043 
-0.617094 -0.751931 -0.231939 -1.16417 
0 0 0 1 
1.29904 0 0 0 
0 1.73205 0 0 
0 0 -1.10526 -1.05263 
0 0 -1 0 
img0088.jpg
0.707107 -0.707107 0 0 
-0.164006 -0.164006 0.97273 -0.291043 
-0.687824 -0.687824 -0.231939 -1.16417 
0 0 0 1 
1.29904 0 0 0 
0 1.73205 0 0 
0 0 -1.10526 -1.05263 
0 0 -1 0 
img0089.jpg
0.634393 -0.77301 0 0 
-0.179291 -0.14714 0.97273 -0.291043 
-0.751931 -0.617094 -0.231939 -1.16417 
0 0 0 1 
1.29904 0 0 0 
0 1.73205 0 0 
0 0 -1.10526 -1.05263 
0 0 -1 0 
img0090.jpg
0.55557 -0.83147 0 0 
-0.19285 -0.128858 0.97273 -0.291043 
-0.808796 -0.54042 -0.231939 -1.16417 
0 0 0 1 
1.29904 0 0 0 
0 1.73205 0 0 
0 0 -1.10526 -1.05263 
0 0 -1 0 
img0091.jpg
0.471397 -0.881921 0 0 
-0.204552 -0.109335 0.97273 -0.291043 
-0.857872 -0.458542 -0.231939 -1.16417 
0 0 0 1 
1.29904 0 0 0 
0 1.73205 0 0 
0 0 -1.10526 -1.05263 
0 0 -1 0 
img0092.jpg
0.382683 -0.92388 0 0 
-0.214284 -0.0887591 0.97273 -0.291043 
-0.898686 -0.372248 -0.231939 -1.16417 
0 0 0 1 
1.29904 0 0 0 
0 1.73205 0 0 
0 0 -1.10526 -1.05263 
0 0 -1 0 
img0093.jpg
0.290285 -0.95694 0 0 
-0.221952 -0.0673283 0.97273 -0.291043 
-0.930845 -0.282369 -0.231939 -1.16417 
0 0 0 1 
1.29904 0 0 0 
0 1.73205 0 0 
0 0 -1.10526 -1.05263 
0 0 -1 0 
img0094.jpg
0.19509 -0.980785 0 0 
-0.227482 -0.045249 0.97273 -0.291043 
-0.95404 -0.18977 -0.231939 -1.16417 
0 0 0 1 
1.29904 0 0 0 
0 1.73205 0 0 
0 0 -1.10526 -1.05263 
0 0 -1 0 
img0095.jpg
0.0980171 -0.995185 0 0 
-0.230822 -0.022734 0.97273 -0.291043 
-0.968046 -0.0953443 -0.231939 -1.16417 
0 0 0 1 
1.29904 0 0 0 
0 1.73205 0 0 
0 0 -1.10526 -1.05263 
0 0 -1 0 
img0096.jpg
-4.37114e-08 -1 0 0 
-0.231939 1.01384e-08 0.97273 -0.291043 
-0.97273 4.25194e-08 -0.231939 -1.16417 
0 0 0 1 
1.29904 0 0 0 
0 1.73205 0 0 
0 0 -1.10526 -1.05263 
0 0 -1 0 
img0097.jpg
-0.0980172 -0.995185 0 0 
-0.230822 0.022734 0.97273 -0.291043 
-0.968046 0.0953443 -0.231939 -1.16417 
0 0 0 1 
1.29904 0 0 0 
0 1.73205 0 0 
0 0 -1.10526 -1.05263 
0 0 -1 0 
img0098.jpg
-0.19509 -0.980785 0 0 
-0.227482 0.045249 0.97273 -0.291043 
-0.95404 0.18977 -0.231939 -1.16417 
0 0 0 1 
1.29904 0 0 0 
0 1.73205 0 0 
0 0 -1.10526 -1.05263 
0 0 -1 0 
img0099.jpg
-0.290285 -0.95694 0 0 
-0.221952 0.0673283 0.97273 -0.291043 
-0.930845 0.282369 -0.231939 -1.16417 
0 0 0 1 
1.29904 0 0 0 
0 1.73205 0 0 
0 0 -1.10526 -1.05263 
0 0 -1 0 
img0100.jpg
-0.382683 -0.923879 0 0 
-0.214283 0.0887591 0.97273 -0.291043 
-0.898686 0.372248 -0.231939 -1.16417 
0 0 0 1 
1.29904 0 0 0 
0 1.73205 0 0 
0 0 -1.10526 -1.05263 
0 0 -1 0 
img0101.jpg
-0.471397 -0.881921 0 0 
-0.204552 0.109335 0.97273 -0.291043 
-0.857872 0.458542 -0.231939 -1.16417 
0 0 0 1 
1.29904 0 0 0 
0 1.73205 0 0 
0 0 -1.10526 -1.05263 
0 0 -1 0 
img0102.jpg
-0.55557 -0.83147 0 0 
-0.19285 0.128858 0.97273 -0.291043 
-0.808796 0.54042 -0.231939 -1.16417 
0 0 0 1 
1.29904 0 0 0 
0 1.73205 0 0 
0 0 -1.10526 -1.05263 
0 0 -1 0 
img0103.jpg
-0.634393 -0.77301 0 0 
-0.179291 0.14714 0.97273 -0.291043 
-0.751931 0.617094 -0.231939 -1.16417 
0 0 0 1 
1.29904 0 0 0 
0 1.73205 0 0 
0 0 -1.10526 -1.05263 
0 0 -1 0 
img0104.jpg
-0.707107 -0.707107 0 0 
-0.164006 0.164006 0.97273 -0.291043 
-0.687824 0.687824 -0.231939 -1.16417 
0 0 0 1 
1.29904 0 0 0 
0 1.73205 0 0 
0 0 -1.10526 -1.05263 
0 0 -1 0 
img0105.jpg
-0.77301 -0.634393 0 0 
-0.14714 0.179291 0.97273 -0.291043 
-0.617094 0.751931 -0.231939 -1.16417 
0 0 0 1 
1.29904 0 0 0 
0 1.73205 0 0 
0 0 -1.10526 -1.05263 
0 0 -1 0 
img0106.jpg
-0.83147 -0.55557 0 0 
-0.128858 0.19285 0.97273 -0.291043 
-0.54042 0.808796 -0.231939 -1.16417 
0 0 0 1 
1.29904 0 0 0 
0 1.73205 0 0 
0 0 -1.10526 -1.05263 
0 0 -1 0 
img0107.jpg
-0.881921 -0.471397 0 0 
-0.109335 0.204552 0.97273 -0.291043 
-0.458542 0.857872 -0.231939 -1.16417 
0 0 0 1 
1.29904 0 0 0 
0 1.73205 0 0 
0 0 -1.10526 -1.05263 
0 0 -1 0 
img0108.jpg
-0.92388 -0.382683 0 0 
-0.0887591 0.214284 0.97273 -0.291043 
-0.372248 0.898686 -0.231939 -1.16417 
0 0 0 1 
1.29904 0 0 0 
0 1.73205 0 0 
0 0 -1.10526 -1.05263 
0 0 -1 0 
img0109.jpg
-0.95694 -0.290285 0 0 
-0.0673283 0.221952 0.97273 -0.291043 
-0.282369 0.930845 -0.231939 -1.16417 
0 0 0 1 
1.29904 0 0 0 
0 1.73205 0 0 
0 0 -1.10526 -1.05263 
0 0 -1 0 
img0110.jpg
-0.980785 -0.195091 0 0 
-0.0452491 0.227482 0.97273 -0.291043 
-0.189771 0.95404 -0.231939 -1.16417 
0 0 0 1 
1.29904 0 0 0 
0 1.73205 0 0 
0 0 -1.10526 -1.05263 
0 0 -1 0 
img0111.jpg
-0.995185 -0.0980171 0 0 
-0.022734 0.230822 0.97273 -0.291043 
-0.0953442 0.968046 -0.231939 -1.16417 
0 0 0 1 
1.29904 0 0 0 
0 1.73205 0 0 
0 0 -1.10526 -1.05263 
0 0 -1 0 
img0112.jpg
-1 -1.50996e-07 0 0 
-3.50218e-08 0.231939 0.97273 -0.291043 
-1.46878e-07 0.97273 -0.231939 -1.16417 
0 0 0 1 
1.29904 0 0 0 
0 1.73205 0 0 
0 0 -1.10526 -1.05263 
0 0 -1 0 
img0113.jpg
-0.995185 0.0980173 0 0 
0.022734 0.230822 0.97273 -0.291043 
0.0953444 0.968046 -0.231939 -1.16417 
0 0 0 1 
1.29904 0 0 0 
0 1.73205 0 0 
0 0 -1.10526 -1.05263 
0 0 -1 0 
img0114.jpg
-0.980785 0.19509 0 0 
0.045249 0.227482 0.97273 -0.291043 
0.18977 0.95404 -0.231939 -1.16417 
0 0 0 1 
1.29904 0 0 0 
0 1.73205 0 0 
0 0 -1.10526 -1.05263 
0 0 -1 0 
img0115.jpg
-0.95694 0.290285 0 0 
0.0673283 0.221952 0.97273 -0.291043 
0.282369 0.930845 -0.231939 -1.16417 
0 0 0 1 
1.29904 0 0 0 
0 1.73205 0 0 
0 0 -1.10526 -1.05263 
0 0 -1 0 
img0116.jpg
-0.92388 0.382683 0 0 
0.0887591 0.214284 0.97273 -0.291043 
0.372248 0.898686 -0.231939 -1.16417 
0 0 0 1 
1.29904 0 0 0 
0 1.73205 0 0 
0 0 -1.10526 -1.05263 
0 0 -1 0 
img0117.jpg
-0.881921 0.471397 0 0 
0.109335 0.204552 0.97273 -0.291043 
0.458542 0.857872 -0.231939 -1.16417 
0 0 0 1 
1.29904 0 0 0 
0 1.73205 0 0 
0 0 -1.10526 -1.05263 
0 0 -1 0 
img0118.jpg
-0.83147 0.55557 0 0 
0.128858 0.19285 0.97273 -0.291043 
0.54042 0.808796 -0.231939 -1.16417 
0 0 0 1 
1.29904 0 0 0 
0 1.73205 0 0 
0 0 -1.10526 -1.05263 
0 0 -1 0 
img0119.jpg
-0.77301 0.634393 0 0 
0.14714 0.179291 0.97273 -0.291043 
0.617094 0.751931 -0.231939 -1.16417 
0 0 0 1 
1.29904 0 0 0 
0 1.73205 0 0 
0 0 -1.10526 -1.05263 
0 0 -1 0 
img0120.jpg
-0.707107 0.707107 0 0 
0.164006 0.164005 0.97273 -0.291043 
0.687824 0.687824 -0.231939 -1.16417 
0 0 0 1 
1.29904 0 0 0 
0 1.73205 0 0 
0 0 -1.10526 -1.05263 
0 0 -1 0 
img0121.jpg
-0.634393 0.77301 0 0 
0.179291 0.14714 0.97273 -0.291043 
0.751931 0.617094 -0.231939 -1.16417 
0 0 0 1 
1.29904 0 0 0 
0 1.73205 0 0 
0 0 -1.10526 -1.05263 
0 0 -1 0 
img0122.jpg
-0.55557 0.831469 0 0 
0.19285 0.128858 0.97273 -0.291043 
0.808796 0.54042 -0.231939 -1.16417 
0 0 0 1 
1.29904 0 0 0 
0 1.73205 0 0 
0 0 -1.10526 -1.05263 
0 0 -1 0 
img0123.jpg
-0.471397 0.881921 0 0 
0.204552 0.109335 0.97273 -0.291043 
0.857872 0.458542 -0.231939 -1.16417 
0 0 0 1 
1.29904 0 0 0 
0 1.73205 0 0 
0 0 -1.10526 -1.05263 
0 0 -1 0 
img0124.jpg
-0.382684 0.923879 0 0 
0.214283 0.0887592 0.97273 -0.291043 
0.898686 0.372248 -0.231939 -1.16417 
0 0 0 1 
1.29904 0 0 0 
0 1.73205 0 0 
0 0 -1.10526 -1.05263 
0 0 -1 0 
img0125.jpg
-0.290285 0.95694 0 0 
0.221952 0.0673283 0.97273 -0.291043 
0.930845 0.282369 -0.231939 -1.16417 
0 0 0 1 
1.29904 0 0 0 
0 1.73205 0 0 
0 0 -1.10526 -1.05263 
0 0 -1 0 
img0126.jpg
-0.19509 0.980785 0 0 
0.227482 0.045249 0.97273 -0.291043 
0.95404 0.18977 -0.231939 -1.16417 
0 0 0 1 
1.29904 0 0 0 
0 1.73205 0 0 
0 0 -1.10526 -1.05263 
0 0 -1 0 
img0127.jpg
-0.0980169 0.995185 0 0 
0.230822 0.0227339 0.97273 -0.291043 
0.968046 0.0953441 -0.231939 -1.16417 
0 0 0 1 
1.29904 0 0 0 
0 1.73205 0 0 
0 0 -1.10526 -1.05263 
0 0 -1 0 
img0128.jpg
-4.37114e-08 1 0 0 
0.221314 9.67396e-09 0.975202 -0.291043 
0.975203 4.26275e-08 -0.221314 -1.16417 
0 0 0 1 
1.29904 0 0 0 
0 1.73205 0 0 
0 0 -1.10526 -1.05263 
0 0 -1 0 
img0129.jpg
0.0980171 0.995185 0 0 
0.220249 -0.0216926 0.975203 -0.291043 
0.970507 -0.0955866 -0.221314 -1.16417 
0 0 0 1 
1.29904 0 0 0 
0 1.73205 0 0 
0 0 -1.10526 -1.05263 
0 0 -1 0 
img0130.jpg
0.19509 0.980785 0 0 
0.217062 -0.0431763 0.975203 -0.291043 
0.956464 -0.190252 -0.221314 -1.16417 
0 0 0 1 
1.29904 0 0 0 
0 1.73205 0 0 
0 0 -1.10526 -1.05263 
0 0 -1 0 
img0131.jpg
0.290285 0.95694 0 0 
0.211785 -0.0642442 0.975203 -0.291043 
0.933211 -0.283086 -0.221314 -1.16417 
0 0 0 1 
1.29904 0 0 0 
0 1.73205 0 0 
0 0 -1.10526 -1.05263 
0 0 -1 0 
img0132.jpg
0.382683 0.92388 0 0 
0.204468 -0.0846933 0.975203 -0.291043 
0.90097 -0.373194 -0.221314 -1.16417 
0 0 0 1 
1.29904 0 0 0 
0 1.73205 0 0 
0 0 -1.10526 -1.05263 
0 0 -1 0 
img0133.jpg
0.471397 0.881921 0 0 
0.195182 -0.104327 0.975203 -0.291043 
0.860052 -0.459707 -0.221314 -1.16417 
0 0 0 1 
1.29904 0 0 0 
0 1.73205 0 0 
0 0 -1.10526 -1.05263 
0 0 -1 0 
img0134.jpg
0.55557 0.83147 0 0 
0.184016 -0.122956 0.975203 -0.291043 
0.810851 -0.541793 -0.221314 -1.16417 
0 0 0 1 
1.29904 0 0 0 
0 1.73205 0 0 
0 0 -1.10526 -1.05263 
0 0 -1 0 
img0135.jpg
0.634393 0.77301 0 0 
0.171078 -0.1404 0.975203 -0.291043 
0.753842 -0.618662 -0.221314 -1.16417 
0 0 0 1 
1.29904 0 0 0 
0 1.73205 0 0 
0 0 -1.10526 -1.05263 
0 0 -1 0 
img0136.jpg
0.707107 0.707107 0 0 
0.156493 -0.156493 0.975203 -0.291043 
0.689572 -0.689572 -0.221314 -1.16417 
0 0 0 1 
1.29904 0 0 0 
0 1.73205 0 0 
0 0 -1.10526 -1.05263 
0 0 -1 0 
img0137.jpg
0.77301 0.634393 0 0 
0.1404 -0.171078 0.975203 -0.291043 
0.618662 -0.753842 -0.221314 -1.16417 
0 0 0 1 
1.29904 0 0 0 
0 1.73205 0 0 
0 0 -1.10526 -1.05263 
0 0 -1 0 
img0138.jpg
0.83147 0.55557 0 0 
0.122956 -0.184016 0.975203 -0.291043 
0.541793 -0.810851 -0.221314 -1.16417 
0 0 0 1 
1.29904 0 0 0 
0 1.73205 0 0 
0 0 -1.10526 -1.05263 
0 0 -1 0 
img0139.jpg
0.881921 0.471397 0 0 
0.104327 -0.195182 0.975203 -0.291043 
0.459707 -0.860052 -0.221314 -1.16417 
0 0 0 1 
1.29904 0 0 0 
0 1.73205 0 0 
0 0 -1.10526 -1.05263 
0 0 -1 0 
img0140.jpg
0.92388 0.382683 0 0 
0.0846933 -0.204468 0.975203 -0.291043 
0.373194 -0.90097 -0.221314 -1.16417 
0 0 0 1 
1.29904 0 0 0 
0 1.73205 0 0 
0 0 -1.10526 -1.05263 
0 0 -1 0 
img0141.jpg
0.95694 0.290285 0 0 
0.0642442 -0.211785 0.975203 -0.291043 
0.283086 -0.933211 -0.221314 -1.16417 
0 0 0 1 
1.29904 0 0 0 
0 1.73205 0 0 
0 0 -1.10526 -1.05263 
0 0 -1 0 
img0142.jpg
0.980785 0.19509 0 0 
0.0431763 -0.217062 0.975203 -0.291043 
0.190253 -0.956464 -0.221314 -1.16417 
0 0 0 1 
1.29904 0 0 0 
0 1.73205 0 0 
0 0 -1.10526 -1.05263 
0 0 -1 0 
img0143.jpg
0.995185 0.0980172 0 0 
0.0216926 -0.220249 0.975203 -0.291043 
0.0955866 -0.970507 -0.221314 -1.16417 
0 0 0 1 
1.29904 0 0 0 
0 1.73205 0 0 
0 0 -1.10526 -1.05263 
0 0 -1 0 
img0144.jpg
1 0 0 0 
0 -0.221314 0.975203 -0.291043 
-0 -0.975203 -0.221314 -1.16417 
0 0 0 1 
1.29904 0 0 0 
0 1.73205 0 0 
0 0 -1.10526 -1.05263 
0 0 -1 0 
img0145.jpg
0.995185 -0.0980172 0 0 
-0.0216926 -0.220249 0.975203 -0.291043 
-0.0955866 -0.970507 -0.221314 -1.16417 
0 0 0 1 
1.29904 0 0 0 
0 1.73205 0 0 
0 0 -1.10526 -1.05263 
0 0 -1 0 
img0146.jpg
0.980785 -0.19509 0 0 
-0.0431763 -0.217062 0.975203 -0.291043 
-0.190253 -0.956464 -0.221314 -1.16417 
0 0 0 1 
1.29904 0 0 0 
0 1.73205 0 0 
0 0 -1.10526 -1.05263 
0 0 -1 0 
img0147.jpg
0.95694 -0.290285 0 0 
-0.0642442 -0.211785 0.975203 -0.291043 
-0.283086 -0.933211 -0.221314 -1.16417 
0 0 0 1 
1.29904 0 0 0 
0 1.73205 0 0 
0 0 -1.10526 -1.05263 
0 0 -1 0 
img0148.jpg
0.92388 -0.382683 0 0 
-0.0846933 -0.204468 0.975203 -0.291043 
-0.373194 -0.90097 -0.221314 -1.16417 
0 0 0 1 
1.29904 0 0 0 
0 1.73205 0 0 
0 0 -1.10526 -1.05263 
0 0 -1 0 
img0149.jpg
0.881921 -0.471397 0 0 
-0.104327 -0.195182 0.975203 -0.291043 
-0.459707 -0.860052 -0.221314 -1.16417 
0 0 0 1 
1.29904 0 0 0 
0 1.73205 0 0 
0 0 -1.10526 -1.05263 
0 0 -1 0 
img0150.jpg
0.83147 -0.55557 0 0 
-0.122956 -0.184016 0.975203 -0.291043 
-0.541794 -0.810851 -0.221314 -1.16417 
0 0 0 1 
1.29904 0 0 0 
0 1.73205 0 0 
0 0 -1.10526 -1.05263 
0 0 -1 0 
img0151.jpg
0.773011 -0.634393 0 0 
-0.1404 -0.171078 0.975203 -0.291043 
-0.618662 -0.753842 -0.221314 -1.16417 
0 0 0 1 
1.29904 0 0 0 
0 1.73205 0 0 
0 0 -1.10526 -1.05263 
0 0 -1 0 
img0152.jpg
0.707107 -0.707107 0 0 
-0.156493 -0.156493 0.975203 -0.291043 
-0.689572 -0.689572 -0.221314 -1.16417 
0 0 0 1 
1.29904 0 0 0 
0 1.73205 0 0 
0 0 -1.10526 -1.05263 
0 0 -1 0 
img0153.jpg
0.634393 -0.77301 0 0 
-0.171078 -0.1404 0.975203 -0.291043 
-0.753842 -0.618662 -0.221314 -1.16417 
0 0 0 1 
1.29904 0 0 0 
0 1.73205 0 0 
0 0 -1.10526 -1.05263 
0 0 -1 0 
img0154.jpg
0.55557 -0.83147 0 0 
-0.184016 -0.122956 0.975203 -0.291043 
-0.810851 -0.541793 -0.221314 -1.16417 
0 0 0 1 
1.29904 0 0 0 
0 1.73205 0 0 
0 0 -1.10526 -1.05263 
0 0 -1 0 
img0155.jpg
0.471397 -0.881921 0 0 
-0.195182 -0.104327 0.975203 -0.291043 
-0.860052 -0.459707 -0.221314 -1.16417 
0 0 0 1 
1.29904 0 0 0 
0 1.73205 0 0 
0 0 -1.10526 -1.05263 
0 0 -1 0 
img0156.jpg
0.382683 -0.92388 0 0 
-0.204468 -0.0846933 0.975203 -0.291043 
-0.90097 -0.373194 -0.221314 -1.16417 
0 0 0 1 
1.29904 0 0 0 
0 1.73205 0 0 
0 0 -1.10526 -1.05263 
0 0 -1 0 
img0157.jpg
0.290285 -0.95694 0 0 
-0.211785 -0.0642442 0.975203 -0.291043 
-0.933211 -0.283086 -0.221314 -1.16417 
0 0 0 1 
1.29904 0 0 0 
0 1.73205 0 0 
0 0 -1.10526 -1.05263 
0 0 -1 0 
img0158.jpg
0.19509 -0.980785 0 0 
-0.217062 -0.0431763 0.975203 -0.291043 
-0.956464 -0.190253 -0.221314 -1.16417 
0 0 0 1 
1.29904 0 0 0 
0 1.73205 0 0 
0 0 -1.10526 -1.05263 
0 0 -1 0 
img0159.jpg
0.0980171 -0.995185 0 0 
-0.220249 -0.0216926 0.975203 -0.291043 
-0.970507 -0.0955866 -0.221314 -1.16417 
0 0 0 1 
1.29904 0 0 0 
0 1.73205 0 0 
0 0 -1.10526 -1.05263 
0 0 -1 0 
img0160.jpg
-4.37114e-08 -1 0 0 
-0.221314 9.67396e-09 0.975202 -0.291043 
-0.975203 4.26275e-08 -0.221314 -1.16417 
0 0 0 1 
1.29904 0 0 0 
0 1.73205 0 0 
0 0 -1.10526 -1.05263 
0 0 -1 0 
img0161.jpg
-0.0980172 -0.995185 0 0 
-0.220249 0.0216926 0.975203 -0.291043 
-0.970507 0.0955867 -0.221314 -1.16417 
0 0 0 1 
1.29904 0 0 0 
0 1.73205 0 0 
0 0 -1.10526 -1.05263 
0 0 -1 0 
img0162.jpg
-0.19509 -0.980785 0 0 
-0.217062 0.0431763 0.975203 -0.291043 
-0.956464 0.190253 -0.221314 -1.16417 
0 0 0 1 
1.29904 0 0 0 
0 1.73205 0 0 
0 0 -1.10526 -1.05263 
0 0 -1 0 
img0163.jpg
-0.290285 -0.95694 0 0 
-0.211785 0.0642442 0.975203 -0.291043 
-0.933211 0.283087 -0.221314 -1.16417 
0 0 0 1 
1.29904 0 0 0 
0 1.73205 0 0 
0 0 -1.10526 -1.05263 
0 0 -1 0 
img0164.jpg
-0.382683 -0.92388 0 0 
-0.204468 0.0846933 0.975203 -0.291043 
-0.90097 0.373194 -0.221314 -1.16417 
0 0 0 1 
1.29904 0 0 0 
0 1.73205 0 0 
0 0 -1.10526 -1.05263 
0 0 -1 0 
img0165.jpg
-0.471397 -0.881921 0 0 
-0.195182 0.104327 0.975203 -0.291043 
-0.860052 0.459707 -0.221314 -1.16417 
0 0 0 1 
1.29904 0 0 0 
0 1.73205 0 0 
0 0 -1.10526 -1.05263 
0 0 -1 0 
img0166.jpg
-0.55557 -0.83147 0 0 
-0.184016 0.122956 0.975203 -0.291043 
-0.810851 0.541793 -0.221314 -1.16417 
0 0 0 1 
1.29904 0 0 0 
0 1.73205 0 0 
0 0 -1.10526 -1.05263 
0 0 -1 0 
img0167.jpg
-0.634393 -0.77301 0 0 
-0.171078 0.1404 0.975203 -0.291043 
-0.753842 0.618662 -0.221314 -1.16417 
0 0 0 1 
1.29904 0 0 0 
0 1.73205 0 0 
0 0 -1.10526 -1.05263 
0 0 -1 0 
img0168.jpg
-0.707107 -0.707107 0 0 
-0.156493 0.156493 0.975203 -0.291043 
-0.689572 0.689572 -0.221314 -1.16417 
0 0 0 1 
1.29904 0 0 0 
0 1.73205 0 0 
0 0 -1.10526 -1.05263 
0 0 -1 0 
img0169.jpg
-0.77301 -0.634393 0 0 
-0.1404 0.171078 0.975202 -0.291043 
-0.618662 0.753842 -0.221314 -1.16417 
0 0 0 1 
1.29904 0 0 0 
0 1.73205 0 0 
0 0 -1.10526 -1.05263 
0 0 -1 0 
img0170.jpg
-0.83147 -0.55557 0 0 
-0.122956 0.184016 0.975203 -0.291043 
-0.541793 0.810851 -0.221314 -1.16417 
0 0 0 1 
1.29904 0 0 0 
0 1.73205 0 0 
0 0 -1.10526 -1.05263 
0 0 -1 0 
img0171.jpg
-0.881921 -0.471397 0 0 
-0.104327 0.195182 0.975203 -0.291043 
-0.459707 0.860052 -0.221314 -1.16417 
0 0 0 1 
1.29904 0 0 0 
0 1.73205 0 0 
0 0 -1.10526 -1.05263 
0 0 -1 0 
img0172.jpg
-0.92388 -0.382683 0 0 
-0.0846933 0.204468 0.975203 -0.291043 
-0.373194 0.90097 -0.221314 -1.16417 
0 0 0 1 
1.29904 0 0 0 
0 1.73205 0 0 
0 0 -1.10526 -1.05263 
0 0 -1 0 
img0173.jpg
-0.95694 -0.290285 0 0 
-0.0642442 0.211785 0.975203 -0.291043 
-0.283086 0.933211 -0.221314 -1.16417 
0 0 0 1 
1.29904 0 0 0 
0 1.73205 0 0 
0 0 -1.10526 -1.05263 
0 0 -1 0 
img0174.jpg
-0.980785 -0.195091 0 0 
-0.0431763 0.217062 0.975203 -0.291043 
-0.190253 0.956464 -0.221314 -1.16417 
0 0 0 1 
1.29904 0 0 0 
0 1.73205 0 0 
0 0 -1.10526 -1.05263 
0 0 -1 0 
img0175.jpg
-0.995185 -0.0980171 0 0 
-0.0216926 0.220249 0.975202 -0.291043 
-0.0955865 0.970507 -0.221314 -1.16417 
0 0 0 1 
1.29904 0 0 0 
0 1.73205 0 0 
0 0 -1.10526 -1.05263 
0 0 -1 0 
img0176.jpg
-1 -1.50996e-07 0 0 
-3.34175e-08 0.221314 0.975203 -0.291043 
-1.47251e-07 0.975203 -0.221314 -1.16417 
0 0 0 1 
1.29904 0 0 0 
0 1.73205 0 0 
0 0 -1.10526 -1.05263 
0 0 -1 0 
img0177.jpg
-0.995185 0.0980173 0 0 
0.0216926 0.220249 0.975202 -0.291043 
0.0955867 0.970507 -0.221314 -1.16417 
0 0 0 1 
1.29904 0 0 0 
0 1.73205 0 0 
0 0 -1.10526 -1.05263 
0 0 -1 0 
img0178.jpg
-0.980785 0.19509 0 0 
0.0431763 0.217062 0.975203 -0.291043 
0.190252 0.956464 -0.221314 -1.16417 
0 0 0 1 
1.29904 0 0 0 
0 1.73205 0 0 
0 0 -1.10526 -1.05263 
0 0 -1 0 
img0179.jpg
-0.95694 0.290285 0 0 
0.0642442 0.211785 0.975203 -0.291043 
0.283087 0.933211 -0.221314 -1.16417 
0 0 0 1 
1.29904 0 0 0 
0 1.73205 0 0 
0 0 -1.10526 -1.05263 
0 0 -1 0 
img0180.jpg
-0.92388 0.382683 0 0 
0.0846933 0.204468 0.975203 -0.291043 
0.373194 0.90097 -0.221314 -1.16417 
0 0 0 1 
1.29904 0 0 0 
0 1.73205 0 0 
0 0 -1.10526 -1.05263 
0 0 -1 0 
img0181.jpg
-0.881921 0.471397 0 0 
0.104327 0.195182 0.975202 -0.291043 
0.459707 0.860052 -0.221314 -1.16417 
0 0 0 1 
1.29904 0 0 0 
0 1.73205 0 0 
0 0 -1.10526 -1.05263 
0 0 -1 0 
img0182.jpg
-0.83147 0.55557 0 0 
0.122956 0.184016 0.975203 -0.291043 
0.541794 0.810851 -0.221314 -1.16417 
0 0 0 1 
1.29904 0 0 0 
0 1.73205 0 0 
0 0 -1.10526 -1.05263 
0 0 -1 0 
img0183.jpg
-0.773011 0.634393 0 0 
0.1404 0.171078 0.975202 -0.291043 
0.618662 0.753842 -0.221314 -1.16417 
0 0 0 1 
1.29904 0 0 0 
0 1.73205 0 0 
0 0 -1.10526 -1.05263 
0 0 -1 0 
img0184.jpg
-0.707107 0.707107 0 0 
0.156493 0.156493 0.975202 -0.291043 
0.689572 0.689572 -0.221314 -1.16417 
0 0 0 1 
1.29904 0 0 0 
0 1.73205 0 0 
0 0 -1.10526 -1.05263 
0 0 -1 0 
img0185.jpg
-0.634393 0.77301 0 0 
0.171078 0.1404 0.975203 -0.291043 
0.753842 0.618662 -0.221314 -1.16417 
0 0 0 1 
1.29904 0 0 0 
0 1.73205 0 0 
0 0 -1.10526 -1.05263 
0 0 -1 0 
img0186.jpg
-0.55557 0.831469 0 0 
0.184016 0.122956 0.975202 -0.291043 
0.810851 0.541794 -0.221314 -1.16417 
0 0 0 1 
1.29904 0 0 0 
0 1.73205 0 0 
0 0 -1.10526 -1.05263 
0 0 -1 0 
img0187.jpg
-0.471397 0.881921 0 0 
0.195182 0.104327 0.975203 -0.291043 
0.860052 0.459707 -0.221314 -1.16417 
0 0 0 1 
1.29904 0 0 0 
0 1.73205 0 0 
0 0 -1.10526 -1.05263 
0 0 -1 0 
img0188.jpg
-0.382684 0.92388 0 0 
0.204468 0.0846934 0.975202 -0.291043 
0.90097 0.373194 -0.221314 -1.16417 
0 0 0 1 
1.29904 0 0 0 
0 1.73205 0 0 
0 0 -1.10526 -1.05263 
0 0 -1 0 
img0189.jpg
-0.290285 0.95694 0 0 
0.211785 0.0642441 0.975203 -0.291043 
0.933211 0.283086 -0.221314 -1.16417 
0 0 0 1 
1.29904 0 0 0 
0 1.73205 0 0 
0 0 -1.10526 -1.05263 
0 0 -1 0 
img0190.jpg
-0.19509 0.980785 0 0 
0.217062 0.0431763 0.975203 -0.291043 
0.956464 0.190253 -0.221314 -1.16417 
0 0 0 1 
1.29904 0 0 0 
0 1.73205 0 0 
0 0 -1.10526 -1.05263 
0 0 -1 0 
img0191.jpg
-0.0980169 0.995185 0 0 
0.220249 0.0216926 0.975203 -0.291043 
0.970507 0.0955864 -0.221314 -1.16417 
0 0 0 1 
1.29904 0 0 0 
0 1.73205 0 0 
0 0 -1.10526 -1.05263 
0 0 -1 0 
img0192.jpg
-4.37114e-08 1 0 0 
0.210664 9.2084e-09 0.977559 -0.291043 
0.977559 4.27304e-08 -0.210664 -1.16417 
0 0 0 1 
1.29904 0 0 0 
0 1.73205 0 0 
0 0 -1.10526 -1.05263 
0 0 -1 0 
img0193.jpg
0.0980171 0.995185 0 0 
0.209649 -0.0206486 0.977559 -0.291043 
0.972851 -0.0958175 -0.210664 -1.16417 
0 0 0 1 
1.29904 0 0 0 
0 1.73205 0 0 
0 0 -1.10526 -1.05263 
0 0 -1 0 
img0194.jpg
0.19509 0.980785 0 0 
0.206616 -0.0410984 0.977559 -0.291043 
0.958775 -0.190712 -0.210664 -1.16417 
0 0 0 1 
1.29904 0 0 0 
0 1.73205 0 0 
0 0 -1.10526 -1.05263 
0 0 -1 0 
img0195.jpg
0.290285 0.95694 0 0 
0.201593 -0.0611524 0.977559 -0.291043 
0.935465 -0.28377 -0.210664 -1.16417 
0 0 0 1 
1.29904 0 0 0 
0 1.73205 0 0 
0 0 -1.10526 -1.05263 
0 0 -1 0 
img0196.jpg
0.382683 0.92388 0 0 
0.194628 -0.0806175 0.977559 -0.291043 
0.903146 -0.374095 -0.210664 -1.16417 
0 0 0 1 
1.29904 0 0 0 
0 1.73205 0 0 
0 0 -1.10526 -1.05263 
0 0 -1 0 
img0197.jpg
0.471397 0.881921 0 0 
0.185789 -0.0993061 0.977559 -0.291043 
0.86213 -0.460818 -0.210664 -1.16417 
0 0 0 1 
1.29904 0 0 0 
0 1.73205 0 0 
0 0 -1.10526 -1.05263 
0 0 -1 0 
img0198.jpg
0.55557 0.83147 0 0 
0.17516 -0.117038 0.977559 -0.291043 
0.81281 -0.543102 -0.210664 -1.16417 
0 0 0 1 
1.29904 0 0 0 
0 1.73205 0 0 
0 0 -1.10526 -1.05263 
0 0 -1 0 
img0199.jpg
0.634393 0.77301 0 0 
0.162845 -0.133644 0.977559 -0.291043 
0.755663 -0.620157 -0.210664 -1.16417 
0 0 0 1 
1.29904 0 0 0 
0 1.73205 0 0 
0 0 -1.10526 -1.05263 
0 0 -1 0 
img0200.jpg
0.707107 0.707107 0 0 
0.148962 -0.148962 0.977559 -0.291043 
0.691238 -0.691238 -0.210664 -1.16417 
0 0 0 1 
1.29904 0 0 0 
0 1.73205 0 0 
0 0 -1.10526 -1.05263 
0 0 -1 0 
img0201.jpg
0.77301 0.634393 0 0 
0.133644 -0.162845 0.977559 -0.291043 
0.620157 -0.755663 -0.210664 -1.16417 
0 0 0 1 
1.29904 0 0 0 
0 1.73205 0 0 
0 0 -1.10526 -1.05263 
0 0 -1 0 
img0202.jpg
0.83147 0.55557 0 0 
0.117038 -0.17516 0.977559 -0.291043 
0.543103 -0.81281 -0.210664 -1.16417 
0 0 0 1 
1.29904 0 0 0 
0 1.73205 0 0 
0 0 -1.10526 -1.05263 
0 0 -1 0 
img0203.jpg
0.881921 0.471397 0 0 
0.0993061 -0.185789 0.977559 -0.291043 
0.460818 -0.86213 -0.210664 -1.16417 
0 0 0 1 
1.29904 0 0 0 
0 1.73205 0 0 
0 0 -1.10526 -1.05263 
0 0 -1 0 
img0204.jpg
0.92388 0.382683 0 0 
0.0806175 -0.194628 0.977559 -0.291043 
0.374095 -0.903146 -0.210664 -1.16417 
0 0 0 1 
1.29904 0 0 0 
0 1.73205 0 0 
0 0 -1.10526 -1.05263 
0 0 -1 0 
img0205.jpg
0.95694 0.290285 0 0 
0.0611524 -0.201593 0.977559 -0.291043 
0.28377 -0.935465 -0.210664 -1.16417 
0 0 0 1 
1.29904 0 0 0 
0 1.73205 0 0 
0 0 -1.10526 -1.05263 
0 0 -1 0 
img0206.jpg
0.980785 0.19509 0 0 
0.0410984 -0.206616 0.977559 -0.291043 
0.190712 -0.958775 -0.210664 -1.16417 
0 0 0 1 
1.29904 0 0 0 
0 1.73205 0 0 
0 0 -1.10526 -1.05263 
0 0 -1 0 
img0207.jpg
0.995185 0.0980172 0 0 
0.0206487 -0.209649 0.977559 -0.291043 
0.0958175 -0.972851 -0.210664 -1.16417 
0 0 0 1 
1.29904 0 0 0 
0 1.73205 0 0 
0 0 -1.10526 -1.05263 
0 0 -1 0 
img0208.jpg
1 0 0 0 
0 -0.210664 0.977559 -0.291043 
-0 -0.977559 -0.210664 -1.16417 
0 0 0 1 
1.29904 0 0 0 
0 1.73205 0 0 
0 0 -1.10526 -1.05263 
0 0 -1 0 
img0209.jpg
0.995185 -0.0980172 0 0 
-0.0206487 -0.209649 0.977559 -0.291043 
-0.0958175 -0.972851 -0.210664 -1.16417 
0 0 0 1 
1.29904 0 0 0 
0 1.73205 0 0 
0 0 -1.10526 -1.05263 
0 0 -1 0 
img0210.jpg
0.980785 -0.19509 0 0 
-0.0410984 -0.206616 0.977559 -0.291043 
-0.190712 -0.958775 -0.210664 -1.16417 
0 0 0 1 
1.29904 0 0 0 
0 1.73205 0 0 
0 0 -1.10526 -1.05263 
0 0 -1 0 
img0211.jpg
0.95694 -0.290285 0 0 
-0.0611524 -0.201593 0.977559 -0.291043 
-0.28377 -0.935465 -0.210664 -1.16417 
0 0 0 1 
1.29904 0 0 0 
0 1.73205 0 0 
0 0 -1.10526 -1.05263 
0 0 -1 0 
img0212.jpg
0.92388 -0.382683 0 0 
-0.0806175 -0.194628 0.977559 -0.291043 
-0.374095 -0.903146 -0.210664 -1.16417 
0 0 0 1 
1.29904 0 0 0 
0 1.73205 0 0 
0 0 -1.10526 -1.05263 
0 0 -1 0 
img0213.jpg
0.881921 -0.471397 0 0 
-0.0993062 -0.185789 0.977559 -0.291043 
-0.460818 -0.86213 -0.210664 -1.16417 
0 0 0 1 
1.29904 0 0 0 
0 1.73205 0 0 
0 0 -1.10526 -1.05263 
0 0 -1 0 
img0214.jpg
0.83147 -0.55557 0 0 
-0.117038 -0.17516 0.977559 -0.291043 
-0.543103 -0.81281 -0.210664 -1.16417 
0 0 0 1 
1.29904 0 0 0 
0 1.73205 0 0 
0 0 -1.10526 -1.05263 
0 0 -1 0 
img0215.jpg
0.773011 -0.634393 0 0 
-0.133644 -0.162845 0.977559 -0.291043 
-0.620157 -0.755663 -0.210664 -1.16417 
0 0 0 1 
1.29904 0 0 0 
0 1.73205 0 0 
0 0 -1.10526 -1.05263 
0 0 -1 0 
img0216.jpg
0.707107 -0.707107 0 0 
