img0000.jpg
-4.37114e-08 1 0 0 
0 0 1 0 
1 4.37114e-08 -0 -1.2 
0 0 0 1 
1.29904 0 0 0 
0 1.73205 0 0 
0 0 -1.10526 -1.05263 
0 0 -1 0 
img0001.jpg
0.0980171 0.995185 0 0 
0 0 1 0 
0.995185 -0.0980171 -0 -1.2 
0 0 0 1 
1.29904 0 0 0 
0 1.73205 0 0 
0 0 -1.10526 -1.05263 
0 0 -1 0 
img0002.jpg
0.19509 0.980785 0 0 
0 0 1 0 
0.980785 -0.19509 -0 -1.2 
0 0 0 1 
1.29904 0 0 0 
0 1.73205 0 0 
0 0 -1.10526 -1.05263 
0 0 -1 0 
img0003.jpg
0.290285 0.95694 0 0 
0 0 1 0 
0.95694 -0.290285 -0 -1.2 
0 0 0 1 
1.29904 0 0 0 
0 1.73205 0 0 
0 0 -1.10526 -1.05263 
0 0 -1 0 
img0004.jpg
0.382683 0.92388 0 0 
0 0 1 0 
0.92388 -0.382683 -0 -1.2 
0 0 0 1 
1.29904 0 0 0 
0 1.73205 0 0 
0 0 -1.10526 -1.05263 
0 0 -1 0 
img0005.jpg
0.471397 0.881921 0 0 
0 0 1 0 
0.881921 -0.471397 -0 -1.2 
0 0 0 1 
1.29904 0 0 0 
0 1.73205 0 0 
0 0 -1.10526 -1.05263 
0 0 -1 0 
img0006.jpg
0.55557 0.83147 0 0 
0 0 1 0 
0.83147 -0.55557 -0 -1.2 
0 0 0 1 
1.29904 0 0 0 
0 1.73205 0 0 
0 0 -1.10526 -1.05263 
0 0 -1 0 
img0007.jpg
0.634393 0.77301 0 0 
0 0 1 0 
0.77301 -0.634393 -0 -1.2 
0 0 0 1 
1.29904 0 0 0 
0 1.73205 0 0 
0 0 -1.10526 -1.05263 
0 0 -1 0 
img0008.jpg
0.707107 0.707107 0 0 
0 0 1 0 
0.707107 -0.707107 -0 -1.2 
0 0 0 1 
1.29904 0 0 0 
0 1.73205 0 0 
0 0 -1.10526 -1.05263 
0 0 -1 0 
img0009.jpg
0.77301 0.634393 0 0 
0 0 1 0 
0.634393 -0.77301 -0 -1.2 
0 0 0 1 
1.29904 0 0 0 
0 1.73205 0 0 
0 0 -1.10526 -1.05263 
0 0 -1 0 
img0010.jpg
0.83147 0.55557 0 0 
0 0 1 0 
0.55557 -0.83147 -0 -1.2 
0 0 0 1 
1.29904 0 0 0 
0 1.73205 0 0 
0 0 -1.10526 -1.05263 
0 0 -1 0 
img0011.jpg
0.881921 0.471397 0 0 
0 0 1 0 
0.471397 -0.881921 -0 -1.2 
0 0 0 1 
1.29904 0 0 0 
0 1.73205 0 0 
0 0 -1.10526 -1.05263 
0 0 -1 0 
img0012.jpg
0.92388 0.382683 0 0 
0 0 1 0 
0.382683 -0.92388 -0 -1.2 
0 0 0 1 
1.29904 0 0 0 
0 1.73205 0 0 
0 0 -1.10526 -1.05263 
0 0 -1 0 
img0013.jpg
0.95694 0.290285 0 0 
0 0 1 0 
0.290285 -0.95694 -0 -1.2 
0 0 0 1 
1.29904 0 0 0 
0 1.73205 0 0 
0 0 -1.10526 -1.05263 
0 0 -1 0 
img0014.jpg
0.980785 0.19509 0 0 
0 0 1 0 
0.19509 -0.980785 -0 -1.2 
0 0 0 1 
1.29904 0 0 0 
0 1.73205 0 0 
0 0 -1.10526 -1.05263 
0 0 -1 0 
img0015.jpg
0.995185 0.0980172 0 0 
0 0 1 0 
0.0980172 -0.995185 -0 -1.2 
0 0 0 1 
1.29904 0 0 0 
0 1.73205 0 0 
0 0 -1.10526 -1.05263 
0 0 -1 0 
img0016.jpg
1 0 0 0 
0 0 1 0 
-0 -1 -0 -1.2 
0 0 0 1 
1.29904 0 0 0 
0 1.73205 0 0 
0 0 -1.10526 -1.05263 
0 0 -1 0 
img0017.jpg
0.995185 -0.0980172 0 0 
0 0 1 0 
-0.0980172 -0.995185 -0 -1.2 
0 0 0 1 
1.29904 0 0 0 
0 1.73205 0 0 
0 0 -1.10526 -1.05263 
0 0 -1 0 
img0018.jpg
0.980785 -0.19509 0 0 
0 0 1 0 
-0.19509 -0.980785 -0 -1.2 
0 0 0 1 
1.29904 0 0 0 
0 1.73205 0 0 
0 0 -1.10526 -1.05263 
0 0 -1 0 
img0019.jpg
0.95694 -0.290285 0 0 
0 0 1 0 
-0.290285 -0.95694 -0 -1.2 
0 0 0 1 
1.29904 0 0 0 
0 1.73205 0 0 
0 0 -1.10526 -1.05263 
0 0 -1 0 
img0020.jpg
0.92388 -0.382683 0 0 
0 0 1 0 
-0.382683 -0.92388 -0 -1.2 
0 0 0 1 
1.29904 0 0 0 
0 1.73205 0 0 
0 0 -1.10526 -1.05263 
0 0 -1 0 
img0021.jpg
0.881921 -0.471397 0 0 
0 0 1 0 
-0.471397 -0.881921 -0 -1.2 
0 0 0 1 
1.29904 0 0 0 
0 1.73205 0 0 
0 0 -1.10526 -1.05263 
0 0 -1 0 
img0022.jpg
0.83147 -0.55557 0 0 
0 0 1 0 
-0.55557 -0.83147 -0 -1.2 
0 0 0 1 
1.29904 0 0 0 
0 1.73205 0 0 
0 0 -1.10526 -1.05263 
0 0 -1 0 
img0023.jpg
0.77301 -0.634393 0 0 
0 0 1 0 
-0.634393 -0.77301 -0 -1.2 
0 0 0 1 
1.29904 0 0 0 
0 1.73205 0 0 
0 0 -1.10526 -1.05263 
0 0 -1 0 
img0024.jpg
0.707107 -0.707107 0 0 
0 0 1 0 
-0.707107 -0.707107 -0 -1.2 
0 0 0 1 
1.29904 0 0 0 
0 1.73205 0 0 
0 0 -1.10526 -1.05263 
0 0 -1 0 
img0025.jpg
0.634393 -0.77301 0 0 
0 0 1 0 
-0.77301 -0.634393 -0 -1.2 
0 0 0 1 
1.29904 0 0 0 
0 1.73205 0 0 
0 0 -1.10526 -1.05263 
0 0 -1 0 
img0026.jpg
0.55557 -0.83147 0 0 
0 0 1 0 
-0.83147 -0.55557 -0 -1.2 
0 0 0 1 
1.29904 0 0 0 
0 1.73205 0 0 
0 0 -1.10526 -1.05263 
0 0 -1 0 
img0027.jpg
0.471397 -0.881921 0 0 
0 0 1 0 
-0.881921 -0.471397 -0 -1.2 
0 0 0 1 
1.29904 0 0 0 
0 1.73205 0 0 
0 0 -1.10526 -1.05263 
0 0 -1 0 
img0028.jpg
0.382683 -0.92388 0 0 
0 0 1 0 
-0.92388 -0.382683 -0 -1.2 
0 0 0 1 
1.29904 0 0 0 
0 1.73205 0 0 
0 0 -1.10526 -1.05263 
0 0 -1 0 
img0029.jpg
0.290285 -0.95694 0 0 
0 0 1 0 
-0.95694 -0.290285 -0 -1.2 
0 0 0 1 
1.29904 0 0 0 
0 1.73205 0 0 
0 0 -1.10526 -1.05263 
0 0 -1 0 
img0030.jpg
0.19509 -0.980785 0 0 
0 0 1 0 
-0.980785 -0.19509 -0 -1.2 
0 0 0 1 
1.29904 0 0 0 
0 1.73205 0 0 
0 0 -1.10526 -1.05263 
0 0 -1 0 
img0031.jpg
0.0980171 -0.995185 0 0 
0 0 1 0 
-0.995185 -0.0980171 -0 -1.2 
0 0 0 1 
1.29904 0 0 0 
0 1.73205 0 0 
0 0 -1.10526 -1.05263 
0 0 -1 0 
img0032.jpg
-4.37114e-08 -1 0 0 
0 0 1 0 
-1 4.37114e-08 -0 -1.2 
0 0 0 1 
1.29904 0 0 0 
0 1.73205 0 0 
0 0 -1.10526 -1.05263 
0 0 -1 0 
img0033.jpg
-0.0980172 -0.995185 0 0 
0 0 1 0 
-0.995185 0.0980172 -0 -1.2 
0 0 0 1 
1.29904 0 0 0 
0 1.73205 0 0 
0 0 -1.10526 -1.05263 
0 0 -1 0 
img0034.jpg
-0.19509 -0.980785 0 0 
0 0 1 0 
-0.980785 0.19509 -0 -1.2 
0 0 0 1 
1.29904 0 0 0 
0 1.73205 0 0 
0 0 -1.10526 -1.05263 
0 0 -1 0 
img0035.jpg
-0.290285 -0.95694 0 0 
0 0 1 0 
-0.95694 0.290285 -0 -1.2 
0 0 0 1 
1.29904 0 0 0 
0 1.73205 0 0 
0 0 -1.10526 -1.05263 
0 0 -1 0 
img0036.jpg
-0.382683 -0.92388 0 0 
0 0 1 0 
-0.92388 0.382683 -0 -1.2 
0 0 0 1 
1.29904 0 0 0 
0 1.73205 0 0 
0 0 -1.10526 -1.05263 
0 0 -1 0 
img0037.jpg
-0.471397 -0.881921 0 0 
0 0 1 0 
-0.881921 0.471397 -0 -1.2 
0 0 0 1 
1.29904 0 0 0 
0 1.73205 0 0 
0 0 -1.10526 -1.05263 
0 0 -1 0 
img0038.jpg
-0.55557 -0.83147 0 0 
0 0 1 0 
-0.83147 0.55557 -0 -1.2 
0 0 0 1 
1.29904 0 0 0 
0 1.73205 0 0 
0 0 -1.10526 -1.05263 
0 0 -1 0 
img0039.jpg
-0.634393 -0.77301 0 0 
0 0 1 0 
-0.77301 0.634393 -0 -1.2 
0 0 0 1 
1.29904 0 0 0 
0 1.73205 0 0 
0 0 -1.10526 -1.05263 
0 0 -1 0 
img0040.jpg
-0.707107 -0.707107 0 0 
0 0 1 0 
-0.707107 0.707107 -0 -1.2 
0 0 0 1 
1.29904 0 0 0 
0 1.73205 0 0 
0 0 -1.10526 -1.05263 
0 0 -1 0 
img0041.jpg
-0.77301 -0.634393 0 0 
0 0 1 0 
-0.634393 0.77301 -0 -1.2 
0 0 0 1 
1.29904 0 0 0 
0 1.73205 0 0 
0 0 -1.10526 -1.05263 
0 0 -1 0 
img0042.jpg
-0.83147 -0.55557 0 0 
0 0 1 0 
-0.55557 0.83147 -0 -1.2 
0 0 0 1 
1.29904 0 0 0 
0 1.73205 0 0 
0 0 -1.10526 -1.05263 
0 0 -1 0 
img0043.jpg
-0.881921 -0.471397 0 0 
0 0 1 0 
-0.471397 0.881921 -0 -1.2 
0 0 0 1 
1.29904 0 0 0 
0 1.73205 0 0 
0 0 -1.10526 -1.05263 
0 0 -1 0 
img0044.jpg
-0.92388 -0.382683 0 0 
0 0 1 0 
-0.382683 0.92388 -0 -1.2 
0 0 0 1 
1.29904 0 0 0 
0 1.73205 0 0 
0 0 -1.10526 -1.05263 
0 0 -1 0 
img0045.jpg
-0.95694 -0.290285 0 0 
0 0 1 0 
-0.290285 0.95694 -0 -1.2 
0 0 0 1 
1.29904 0 0 0 
0 1.73205 0 0 
0 0 -1.10526 -1.05263 
0 0 -1 0 
img0046.jpg
-0.980785 -0.195091 0 0 
0 0 1 0 
-0.195091 0.980785 -0 -1.2 
0 0 0 1 
1.29904 0 0 0 
0 1.73205 0 0 
0 0 -1.10526 -1.05263 
0 0 -1 0 
img0047.jpg
-0.995185 -0.0980171 0 0 
0 0 1 0 
-0.0980171 0.995185 -0 -1.2 
0 0 0 1 
1.29904 0 0 0 
0 1.73205 0 0 
0 0 -1.10526 -1.05263 
0 0 -1 0 
img0048.jpg
-1 -1.50996e-07 0 0 
0 0 1 0 
-1.50996e-07 1 -0 -1.2 
0 0 0 1 
1.29904 0 0 0 
0 1.73205 0 0 
0 0 -1.10526 -1.05263 
0 0 -1 0 
img0049.jpg
-0.995185 0.0980173 0 0 
0 0 1 0 
0.0980173 0.995185 -0 -1.2 
0 0 0 1 
1.29904 0 0 0 
0 1.73205 0 0 
0 0 -1.10526 -1.05263 
0 0 -1 0 
img0050.jpg
-0.980785 0.19509 0 0 
0 0 1 0 
0.19509 0.980785 -0 -1.2 
0 0 0 1 
1.29904 0 0 0 
0 1.73205 0 0 
0 0 -1.10526 -1.05263 
0 0 -1 0 
img0051.jpg
-0.95694 0.290285 0 0 
0 0 1 0 
0.290285 0.95694 -0 -1.2 
0 0 0 1 
1.29904 0 0 0 
0 1.73205 0 0 
0 0 -1.10526 -1.05263 
0 0 -1 0 
img0052.jpg
-0.92388 0.382683 0 0 
0 0 1 0 
0.382683 0.92388 -0 -1.2 
0 0 0 1 
1.29904 0 0 0 
0 1.73205 0 0 
0 0 -1.10526 -1.05263 
0 0 -1 0 
img0053.jpg
-0.881921 0.471397 0 0 
0 0 1 0 
0.471397 0.881921 -0 -1.2 
0 0 0 1 
1.29904 0 0 0 
0 1.73205 0 0 
0 0 -1.10526 -1.05263 
0 0 -1 0 
img0054.jpg
-0.83147 0.55557 0 0 
0 0 1 0 
0.55557 0.83147 -0 -1.2 
0 0 0 1 
1.29904 0 0 0 
0 1.73205 0 0 
0 0 -1.10526 -1.05263 
0 0 -1 0 
img0055.jpg
-0.773011 0.634393 0 0 
0 0 1 0 
0.634393 0.773011 -0 -1.2 
0 0 0 1 
1.29904 0 0 0 
0 1.73205 0 0 
0 0 -1.10526 -1.05263 
0 0 -1 0 
img0056.jpg
-0.707107 0.707107 0 0 
0 0 1 0 
0.707107 0.707107 -0 -1.2 
0 0 0 1 
1.29904 0 0 0 
0 1.73205 0 0 
0 0 -1.10526 -1.05263 
0 0 -1 0 
img0057.jpg
-0.634393 0.77301 0 0 
0 0 1 0 
0.77301 0.634393 -0 -1.2 
0 0 0 1 
1.29904 0 0 0 
0 1.73205 0 0 
0 0 -1.10526 -1.05263 
0 0 -1 0 
img0058.jpg
-0.55557 0.831469 0 0 
0 0 1 0 
0.831469 0.55557 -0 -1.2 
0 0 0 1 
1.29904 0 0 0 
0 1.73205 0 0 
0 0 -1.10526 -1.05263 
0 0 -1 0 
img0059.jpg
-0.471397 0.881921 0 0 
0 0 1 0 
0.881921 0.471397 -0 -1.2 
0 0 0 1 
1.29904 0 0 0 
0 1.73205 0 0 
0 0 -1.10526 -1.05263 
0 0 -1 0 
img0060.jpg
-0.382684 0.92388 0 0 
0 0 1 0 
0.92388 0.382684 -0 -1.2 
0 0 0 1 
1.29904 0 0 0 
0 1.73205 0 0 
0 0 -1.10526 -1.05263 
0 0 -1 0 
img0061.jpg
-0.290285 0.95694 0 0 
0 0 1 0 
0.95694 0.290285 -0 -1.2 
0 0 0 1 
1.29904 0 0 0 
0 1.73205 0 0 
0 0 -1.10526 -1.05263 
0 0 -1 0 
img0062.jpg
-0.19509 0.980785 0 0 
0 0 1 0 
0.980785 0.19509 -0 -1.2 
0 0 0 1 
1.29904 0 0 0 
0 1.73205 0 0 
0 0 -1.10526 -1.05263 
0 0 -1 0 
img0063.jpg
-0.0980169 0.995185 0 0 
0 0 1 0 
0.995185 0.0980169 -0 -1.2 
0 0 0 1 
1.29904 0 0 0 
0 1.73205 0 0 
0 0 -1.10526 -1.05263 
0 0 -1 0 
img0064.jpg
-4.37114e-08 1 0 0 
-0.0980171 -4.28447e-09 0.995185 0 
0.995185 4.35009e-08 0.0980171 -1.2 
0 0 0 1 
1.29904 0 0 0 
0 1.73205 0 0 
0 0 -1.10526 -1.05263 
0 0 -1 0 
img0065.jpg
0.0980171 0.995185 0 0 
-0.0975452 0.00960736 0.995185 0 
0.990393 -0.0975452 0.0980171 -1.2 
0 0 0 1 
1.29904 0 0 0 
0 1.73205 0 0 
0 0 -1.10526 -1.05263 
0 0 -1 0 
img0066.jpg
0.19509 0.980785 0 0 
-0.0961338 0.0191222 0.995185 0 
0.976063 -0.194151 0.0980171 -1.2 
0 0 0 1 
1.29904 0 0 0 
0 1.73205 0 0 
0 0 -1.10526 -1.05263 
0 0 -1 0 
img0067.jpg
0.290285 0.95694 0 0 
-0.0937966 0.0284529 0.995185 0 
0.952332 -0.288887 0.0980171 -1.2 
0 0 0 1 
1.29904 0 0 0 
0 1.73205 0 0 
0 0 -1.10526 -1.05263 
0 0 -1 0 
img0068.jpg
0.382683 0.92388 0 0 
-0.090556 0.0375095 0.995185 0 
0.919431 -0.380841 0.0980171 -1.2 
0 0 0 1 
1.29904 0 0 0 
0 1.73205 0 0 
0 0 -1.10526 -1.05263 
0 0 -1 0 
img0069.jpg
0.471397 0.881921 0 0 
-0.0864434 0.046205 0.995185 0 
0.877675 -0.469127 0.0980171 -1.2 
0 0 0 1 
1.29904 0 0 0 
0 1.73205 0 0 
0 0 -1.10526 -1.05263 
0 0 -1 0 
img0070.jpg
0.55557 0.83147 0 0 
-0.0814983 0.0544554 0.995185 0 
0.827466 -0.552895 0.0980171 -1.2 
0 0 0 1 
1.29904 0 0 0 
0 1.73205 0 0 
0 0 -1.10526 -1.05263 
0 0 -1 0 
img0071.jpg
0.634393 0.77301 0 0 
-0.0757683 0.0621814 0.995185 0 
0.769288 -0.631338 0.0980171 -1.2 
0 0 0 1 
1.29904 0 0 0 
0 1.73205 0 0 
0 0 -1.10526 -1.05263 
0 0 -1 0 
img0072.jpg
0.707107 0.707107 0 0 
-0.0693086 0.0693086 0.995185 0 
0.703702 -0.703702 0.0980171 -1.2 
0 0 0 1 
1.29904 0 0 0 
0 1.73205 0 0 
0 0 -1.10526 -1.05263 
0 0 -1 0 
img0073.jpg
0.77301 0.634393 0 0 
-0.0621814 0.0757683 0.995185 0 
0.631339 -0.769288 0.0980171 -1.2 
0 0 0 1 
1.29904 0 0 0 
0 1.73205 0 0 
0 0 -1.10526 -1.05263 
0 0 -1 0 
img0074.jpg
0.83147 0.55557 0 0 
-0.0544554 0.0814983 0.995185 0 
0.552895 -0.827466 0.0980171 -1.2 
0 0 0 1 
1.29904 0 0 0 
0 1.73205 0 0 
0 0 -1.10526 -1.05263 
0 0 -1 0 
img0075.jpg
0.881921 0.471397 0 0 
-0.046205 0.0864434 0.995185 0 
0.469127 -0.877675 0.0980171 -1.2 
0 0 0 1 
1.29904 0 0 0 
0 1.73205 0 0 
0 0 -1.10526 -1.05263 
0 0 -1 0 
img0076.jpg
0.92388 0.382683 0 0 
-0.0375095 0.090556 0.995185 0 
0.380841 -0.919431 0.0980171 -1.2 
0 0 0 1 
1.29904 0 0 0 
0 1.73205 0 0 
0 0 -1.10526 -1.05263 
0 0 -1 0 
img0077.jpg
0.95694 0.290285 0 0 
-0.0284529 0.0937966 0.995185 0 
0.288887 -0.952332 0.0980171 -1.2 
0 0 0 1 
1.29904 0 0 0 
0 1.73205 0 0 
0 0 -1.10526 -1.05263 
0 0 -1 0 
img0078.jpg
0.980785 0.19509 0 0 
-0.0191222 0.0961338 0.995185 0 
0.194151 -0.976063 0.0980171 -1.2 
0 0 0 1 
1.29904 0 0 0 
0 1.73205 0 0 
0 0 -1.10526 -1.05263 
0 0 -1 0 
img0079.jpg
0.995185 0.0980172 0 0 
-0.00960736 0.0975452 0.995185 0 
0.0975452 -0.990393 0.0980171 -1.2 
0 0 0 1 
1.29904 0 0 0 
0 1.73205 0 0 
0 0 -1.10526 -1.05263 
0 0 -1 0 
img0080.jpg
1 0 0 0 
0 0.0980171 0.995185 0 
0 -0.995185 0.0980171 -1.2 
0 0 0 1 
1.29904 0 0 0 
0 1.73205 0 0 
0 0 -1.10526 -1.05263 
0 0 -1 0 
img0081.jpg
0.995185 -0.0980172 0 0 
0.00960736 0.0975452 0.995185 0 
-0.0975452 -0.990393 0.0980171 -1.2 
0 0 0 1 
1.29904 0 0 0 
0 1.73205 0 0 
0 0 -1.10526 -1.05263 
0 0 -1 0 
img0082.jpg
0.980785 -0.19509 0 0 
0.0191222 0.0961338 0.995185 0 
-0.194151 -0.976063 0.0980171 -1.2 
0 0 0 1 
1.29904 0 0 0 
0 1.73205 0 0 
0 0 -1.10526 -1.05263 
0 0 -1 0 
img0083.jpg
0.95694 -0.290285 0 0 
0.0284529 0.0937966 0.995185 0 
-0.288887 -0.952332 0.0980171 -1.2 
0 0 0 1 
1.29904 0 0 0 
0 1.73205 0 0 
0 0 -1.10526 -1.05263 
0 0 -1 0 
img0084.jpg
0.92388 -0.382683 0 0 
0.0375095 0.090556 0.995185 0 
-0.380841 -0.919431 0.0980171 -1.2 
0 0 0 1 
1.29904 0 0 0 
0 1.73205 0 0 
0 0 -1.10526 -1.05263 
0 0 -1 0 
img0085.jpg
0.881921 -0.471397 0 0 
0.046205 0.0864434 0.995185 0 
-0.469127 -0.877675 0.0980171 -1.2 
0 0 0 1 
1.29904 0 0 0 
0 1.73205 0 0 
0 0 -1.10526 -1.05263 
0 0 -1 0 
img0086.jpg
0.83147 -0.55557 0 0 
0.0544554 0.0814983 0.995185 0 
-0.552895 -0.827466 0.0980171 -1.2 
0 0 0 1 
1.29904 0 0 0 
0 1.73205 0 0 
0 0 -1.10526 -1.05263 
0 0 -1 0 
img0087.jpg
0.77301 -0.634393 0 0 
0.0621814 0.0757683 0.995185 0 
-0.631338 -0.769288 0.0980171 -1.2 
0 0 0 1 
1.29904 0 0 0 
0 1.73205 0 0 
0 0 -1.10526 -1.05263 
0 0 -1 0 
img0088.jpg
0.707107 -0.707107 0 0 
0.0693086 0.0693086 0.995185 0 
-0.703702 -0.703702 0.0980171 -1.2 
0 0 0 1 
1.29904 0 0 0 
0 1.73205 0 0 
0 0 -1.10526 -1.05263 
0 0 -1 0 
img0089.jpg
0.634393 -0.77301 0 0 
0.0757683 0.0621814 0.995185 0 
-0.769288 -0.631338 0.0980171 -1.2 
0 0 0 1 
1.29904 0 0 0 
0 1.73205 0 0 
0 0 -1.10526 -1.05263 
0 0 -1 0 
img0090.jpg
0.55557 -0.83147 0 0 
0.0814983 0.0544554 0.995185 0 
-0.827466 -0.552895 0.0980171 -1.2 
0 0 0 1 
1.29904 0 0 0 
0 1.73205 0 0 
0 0 -1.10526 -1.05263 
0 0 -1 0 
img0091.jpg
0.471397 -0.881921 0 0 
0.0864434 0.046205 0.995185 0 
-0.877675 -0.469127 0.0980171 -1.2 
0 0 0 1 
1.29904 0 0 0 
0 1.73205 0 0 
0 0 -1.10526 -1.05263 
0 0 -1 0 
img0092.jpg
0.382683 -0.92388 0 0 
0.090556 0.0375095 0.995185 0 
-0.919431 -0.380841 0.0980171 -1.2 
0 0 0 1 
1.29904 0 0 0 
0 1.73205 0 0 
0 0 -1.10526 -1.05263 
0 0 -1 0 
img0093.jpg
0.290285 -0.95694 0 0 
0.0937966 0.0284529 0.995185 0 
-0.952332 -0.288887 0.0980171 -1.2 
0 0 0 1 
1.29904 0 0 0 
0 1.73205 0 0 
0 0 -1.10526 -1.05263 
0 0 -1 0 
img0094.jpg
0.19509 -0.980785 0 0 
0.0961338 0.0191222 0.995185 0 
-0.976063 -0.194151 0.0980171 -1.2 
0 0 0 1 
1.29904 0 0 0 
0 1.73205 0 0 
0 0 -1.10526 -1.05263 
0 0 -1 0 
img0095.jpg
0.0980171 -0.995185 0 0 
0.0975452 0.00960736 0.995185 0 
-0.990393 -0.0975452 0.0980171 -1.2 
0 0 0 1 
1.29904 0 0 0 
0 1.73205 0 0 
0 0 -1.10526 -1.05263 
0 0 -1 0 
img0096.jpg
-4.37114e-08 -1 0 0 
0.0980171 -4.28447e-09 0.995185 0 
-0.995185 4.35009e-08 0.0980171 -1.2 
0 0 0 1 
1.29904 0 0 0 
0 1.73205 0 0 
0 0 -1.10526 -1.05263 
0 0 -1 0 
img0097.jpg
-0.0980172 -0.995185 0 0 
0.0975452 -0.00960737 0.995185 0 
-0.990393 0.0975452 0.0980171 -1.2 
0 0 0 1 
1.29904 0 0 0 
0 1.73205 0 0 
0 0 -1.10526 -1.05263 
0 0 -1 0 
img0098.jpg
-0.19509 -0.980785 0 0 
0.0961338 -0.0191222 0.995185 0 
-0.976063 0.194151 0.0980171 -1.2 
0 0 0 1 
1.29904 0 0 0 
0 1.73205 0 0 
0 0 -1.10526 -1.05263 
0 0 -1 0 
img0099.jpg
-0.290285 -0.95694 0 0 
0.0937966 -0.0284529 0.995185 0 
-0.952332 0.288887 0.0980171 -1.2 
0 0 0 1 
1.29904 0 0 0 
0 1.73205 0 0 
0 0 -1.10526 -1.05263 
0 0 -1 0 
img0100.jpg
-0.382683 -0.92388 0 0 
0.090556 -0.0375095 0.995185 0 
-0.919431 0.380841 0.0980171 -1.2 
0 0 0 1 
1.29904 0 0 0 
0 1.73205 0 0 
0 0 -1.10526 -1.05263 
0 0 -1 0 
img0101.jpg
-0.471397 -0.881921 0 0 
0.0864434 -0.046205 0.995185 0 
-0.877675 0.469127 0.0980171 -1.2 
0 0 0 1 
1.29904 0 0 0 
0 1.73205 0 0 
0 0 -1.10526 -1.05263 
0 0 -1 0 
img0102.jpg
-0.55557 -0.83147 0 0 
0.0814983 -0.0544554 0.995185 0 
-0.827466 0.552895 0.0980171 -1.2 
0 0 0 1 
1.29904 0 0 0 
0 1.73205 0 0 
0 0 -1.10526 -1.05263 
0 0 -1 0 
img0103.jpg
-0.634393 -0.77301 0 0 
0.0757683 -0.0621814 0.995185 0 
-0.769288 0.631339 0.0980171 -1.2 
0 0 0 1 
1.29904 0 0 0 
0 1.73205 0 0 
0 0 -1.10526 -1.05263 
0 0 -1 0 
img0104.jpg
-0.707107 -0.707107 0 0 
0.0693086 -0.0693086 0.995185 0 
-0.703702 0.703702 0.0980171 -1.2 
0 0 0 1 
1.29904 0 0 0 
0 1.73205 0 0 
0 0 -1.10526 -1.05263 
0 0 -1 0 
img0105.jpg
-0.77301 -0.634393 0 0 
0.0621814 -0.0757683 0.995185 0 
-0.631339 0.769288 0.0980171 -1.2 
0 0 0 1 
1.29904 0 0 0 
0 1.73205 0 0 
0 0 -1.10526 -1.05263 
0 0 -1 0 
img0106.jpg
-0.83147 -0.55557 0 0 
0.0544554 -0.0814983 0.995185 0 
-0.552895 0.827466 0.0980171 -1.2 
0 0 0 1 
1.29904 0 0 0 
0 1.73205 0 0 
0 0 -1.10526 -1.05263 
0 0 -1 0 
img0107.jpg
-0.881921 -0.471397 0 0 
0.046205 -0.0864434 0.995185 0 
-0.469127 0.877675 0.0980171 -1.2 
0 0 0 1 
1.29904 0 0 0 
0 1.73205 0 0 
0 0 -1.10526 -1.05263 
0 0 -1 0 
img0108.jpg
-0.92388 -0.382683 0 0 
0.0375095 -0.090556 0.995185 0 
-0.380841 0.919431 0.0980171 -1.2 
0 0 0 1 
1.29904 0 0 0 
0 1.73205 0 0 
0 0 -1.10526 -1.05263 
0 0 -1 0 
img0109.jpg
-0.95694 -0.290285 0 0 
0.0284529 -0.0937966 0.995185 0 
-0.288887 0.952332 0.0980171 -1.2 
0 0 0 1 
1.29904 0 0 0 
0 1.73205 0 0 
0 0 -1.10526 -1.05263 
0 0 -1 0 
img0110.jpg
-0.980785 -0.195091 0 0 
0.0191222 -0.0961338 0.995185 0 
-0.194151 0.976062 0.0980171 -1.2 
0 0 0 1 
1.29904 0 0 0 
0 1.73205 0 0 
0 0 -1.10526 -1.05263 
0 0 -1 0 
img0111.jpg
-0.995185 -0.0980171 0 0 
0.00960736 -0.0975452 0.995185 0 
-0.0975451 0.990393 0.0980171 -1.2 
0 0 0 1 
1.29904 0 0 0 
0 1.73205 0 0 
0 0 -1.10526 -1.05263 
0 0 -1 0 
img0112.jpg
-1 -1.50996e-07 0 0 
1.48002e-08 -0.0980171 0.995185 0 
-1.50269e-07 0.995185 0.0980171 -1.2 
0 0 0 1 
1.29904 0 0 0 
0 1.73205 0 0 
0 0 -1.10526 -1.05263 
0 0 -1 0 
img0113.jpg
-0.995185 0.0980173 0 0 
-0.00960737 -0.0975452 0.995185 0 
0.0975453 0.990393 0.0980171 -1.2 
0 0 0 1 
1.29904 0 0 0 
0 1.73205 0 0 
0 0 -1.10526 -1.05263 
0 0 -1 0 
img0114.jpg
-0.980785 0.19509 0 0 
-0.0191222 -0.0961338 0.995185 0 
0.194151 0.976063 0.0980171 -1.2 
0 0 0 1 
1.29904 0 0 0 
0 1.73205 0 0 
0 0 -1.10526 -1.05263 
0 0 -1 0 
img0115.jpg
-0.95694 0.290285 0 0 
-0.0284529 -0.0937966 0.995185 0 
0.288887 0.952332 0.0980171 -1.2 
0 0 0 1 
1.29904 0 0 0 
0 1.73205 0 0 
0 0 -1.10526 -1.05263 
0 0 -1 0 
img0116.jpg
-0.92388 0.382683 0 0 
-0.0375095 -0.090556 0.995185 0 
0.380841 0.919431 0.0980171 -1.2 
0 0 0 1 
1.29904 0 0 0 
0 1.73205 0 0 
0 0 -1.10526 -1.05263 
0 0 -1 0 
img0117.jpg
-0.881921 0.471397 0 0 
-0.0462049 -0.0864434 0.995185 0 
0.469127 0.877675 0.0980171 -1.2 
0 0 0 1 
1.29904 0 0 0 
0 1.73205 0 0 
0 0 -1.10526 -1.05263 
0 0 -1 0 
img0118.jpg
-0.83147 0.55557 0 0 
-0.0544554 -0.0814983 0.995185 0 
0.552895 0.827466 0.0980171 -1.2 
0 0 0 1 
1.29904 0 0 0 
0 1.73205 0 0 
0 0 -1.10526 -1.05263 
0 0 -1 0 
img0119.jpg
-0.773011 0.634393 0 0 
-0.0621814 -0.0757683 0.995185 0 
0.631338 0.769288 0.0980171 -1.2 
0 0 0 1 
1.29904 0 0 0 
0 1.73205 0 0 
0 0 -1.10526 -1.05263 
0 0 -1 0 
img0120.jpg
-0.707107 0.707107 0 0 
-0.0693086 -0.0693086 0.995185 0 
0.703702 0.703702 0.0980171 -1.2 
0 0 0 1 
1.29904 0 0 0 
0 1.73205 0 0 
0 0 -1.10526 -1.05263 
0 0 -1 0 
img0121.jpg
-0.634393 0.77301 0 0 
-0.0757683 -0.0621814 0.995185 0 
0.769288 0.631339 0.0980171 -1.2 
0 0 0 1 
1.29904 0 0 0 
0 1.73205 0 0 
0 0 -1.10526 -1.05263 
0 0 -1 0 
img0122.jpg
-0.55557 0.831469 0 0 
-0.0814983 -0.0544554 0.995185 0 
0.827466 0.552895 0.0980171 -1.2 
0 0 0 1 
1.29904 0 0 0 
0 1.73205 0 0 
0 0 -1.10526 -1.05263 
0 0 -1 0 
img0123.jpg
-0.471397 0.881921 0 0 
-0.0864434 -0.046205 0.995185 0 
0.877675 0.469127 0.0980171 -1.2 
0 0 0 1 
1.29904 0 0 0 
0 1.73205 0 0 
0 0 -1.10526 -1.05263 
0 0 -1 0 
img0124.jpg
-0.382684 0.92388 0 0 
-0.090556 -0.0375095 0.995185 0 
0.919431 0.380841 0.0980171 -1.2 
0 0 0 1 
1.29904 0 0 0 
0 1.73205 0 0 
0 0 -1.10526 -1.05263 
0 0 -1 0 
img0125.jpg
-0.290285 0.95694 0 0 
-0.0937966 -0.0284529 0.995185 0 
0.952332 0.288887 0.0980171 -1.2 
0 0 0 1 
1.29904 0 0 0 
0 1.73205 0 0 
0 0 -1.10526 -1.05263 
0 0 -1 0 
img0126.jpg
-0.19509 0.980785 0 0 
-0.0961338 -0.0191222 0.995185 0 
0.976063 0.194151 0.0980171 -1.2 
0 0 0 1 
1.29904 0 0 0 
0 1.73205 0 0 
0 0 -1.10526 -1.05263 
0 0 -1 0 
img0127.jpg
-0.0980169 0.995185 0 0 
-0.0975452 -0.00960734 0.995185 0 
0.990393 0.097545 0.0980171 -1.2 
0 0 0 1 
1.29904 0 0 0 
0 1.73205 0 0 
0 0 -1.10526 -1.05263 
0 0 -1 0 
img0128.jpg
-4.37114e-08 1 0 0 
-0.19509 -8.52767e-09 0.980785 0 
0.980785 4.28715e-08 0.19509 -1.2 
0 0 0 1 
1.29904 0 0 0 
0 1.73205 0 0 
0 0 -1.10526 -1.05263 
0 0 -1 0 
img0129.jpg
0.0980171 0.995185 0 0 
-0.194151 0.0191222 0.980785 0 
0.976063 -0.0961338 0.19509 -1.2 
0 0 0 1 
1.29904 0 0 0 
0 1.73205 0 0 
0 0 -1.10526 -1.05263 
0 0 -1 0 
img0130.jpg
0.19509 0.980785 0 0 
-0.191342 0.0380602 0.980785 0 
0.96194 -0.191342 0.19509 -1.2 
0 0 0 1 
1.29904 0 0 0 
0 1.73205 0 0 
0 0 -1.10526 -1.05263 
0 0 -1 0 
img0131.jpg
0.290285 0.95694 0 0 
-0.18669 0.0566317 0.980785 0 
0.938553 -0.284707 0.19509 -1.2 
0 0 0 1 
1.29904 0 0 0 
0 1.73205 0 0 
0 0 -1.10526 -1.05263 
0 0 -1 0 
img0132.jpg
0.382683 0.92388 0 0 
-0.18024 0.0746578 0.980785 0 
0.906127 -0.37533 0.19509 -1.2 
0 0 0 1 
1.29904 0 0 0 
0 1.73205 0 0 
0 0 -1.10526 -1.05263 
0 0 -1 0 
img0133.jpg
0.471397 0.881921 0 0 
-0.172054 0.091965 0.980785 0 
0.864975 -0.462339 0.19509 -1.2 
0 0 0 1 
1.29904 0 0 0 
0 1.73205 0 0 
0 0 -1.10526 -1.05263 
0 0 -1 0 
img0134.jpg
0.55557 0.83147 0 0 
-0.162212 0.108386 0.980785 0 
0.815493 -0.544895 0.19509 -1.2 
0 0 0 1 
1.29904 0 0 0 
0 1.73205 0 0 
0 0 -1.10526 -1.05263 
0 0 -1 0 
img0135.jpg
0.634393 0.77301 0 0 
-0.150807 0.123764 0.980785 0 
0.758157 -0.622204 0.19509 -1.2 
0 0 0 1 
1.29904 0 0 0 
0 1.73205 0 0 
0 0 -1.10526 -1.05263 
0 0 -1 0 
img0136.jpg
0.707107 0.707107 0 0 
-0.13795 0.13795 0.980785 0 
0.69352 -0.69352 0.19509 -1.2 
0 0 0 1 
1.29904 0 0 0 
0 1.73205 0 0 
0 0 -1.10526 -1.05263 
0 0 -1 0 
img0137.jpg
0.77301 0.634393 0 0 
-0.123764 0.150807 0.980785 0 
0.622204 -0.758157 0.19509 -1.2 
0 0 0 1 
1.29904 0 0 0 
0 1.73205 0 0 
0 0 -1.10526 -1.05263 
0 0 -1 0 
img0138.jpg
0.83147 0.55557 0 0 
-0.108386 0.162212 0.980785 0 
0.544895 -0.815493 0.19509 -1.2 
0 0 0 1 
1.29904 0 0 0 
0 1.73205 0 0 
0 0 -1.10526 -1.05263 
0 0 -1 0 
img0139.jpg
0.881921 0.471397 0 0 
-0.0919649 0.172054 0.980785 0 
0.462339 -0.864975 0.19509 -1.2 
0 0 0 1 
1.29904 0 0 0 
0 1.73205 0 0 
0 0 -1.10526 -1.05263 
0 0 -1 0 
img0140.jpg
0.92388 0.382683 0 0 
-0.0746578 0.18024 0.980785 0 
0.37533 -0.906127 0.19509 -1.2 
0 0 0 1 
1.29904 0 0 0 
0 1.73205 0 0 
0 0 -1.10526 -1.05263 
0 0 -1 0 
img0141.jpg
0.95694 0.290285 0 0 
-0.0566317 0.18669 0.980785 0 
0.284707 -0.938553 0.19509 -1.2 
0 0 0 1 
1.29904 0 0 0 
0 1.73205 0 0 
0 0 -1.10526 -1.05263 
0 0 -1 0 
img0142.jpg
0.980785 0.19509 0 0 
-0.0380602 0.191342 0.980785 0 
0.191342 -0.96194 0.19509 -1.2 
0 0 0 1 
1.29904 0 0 0 
0 1.73205 0 0 
0 0 -1.10526 -1.05263 
0 0 -1 0 
img0143.jpg
0.995185 0.0980172 0 0 
-0.0191222 0.194151 0.980785 0 
0.0961338 -0.976062 0.19509 -1.2 
0 0 0 1 
1.29904 0 0 0 
0 1.73205 0 0 
0 0 -1.10526 -1.05263 
0 0 -1 0 
img0144.jpg
1 0 0 0 
0 0.19509 0.980785 0 
0 -0.980785 0.19509 -1.2 
0 0 0 1 
1.29904 0 0 0 
0 1.73205 0 0 
0 0 -1.10526 -1.05263 
0 0 -1 0 
img0145.jpg
0.995185 -0.0980172 0 0 
0.0191222 0.194151 0.980785 0 
-0.0961338 -0.976062 0.19509 -1.2 
0 0 0 1 
1.29904 0 0 0 
0 1.73205 0 0 
0 0 -1.10526 -1.05263 
0 0 -1 0 
img0146.jpg
0.980785 -0.19509 0 0 
0.0380602 0.191342 0.980785 0 
-0.191342 -0.96194 0.19509 -1.2 
0 0 0 1 
1.29904 0 0 0 
0 1.73205 0 0 
0 0 -1.10526 -1.05263 
0 0 -1 0 
img0147.jpg
0.95694 -0.290285 0 0 
0.0566317 0.18669 0.980785 0 
-0.284707 -0.938553 0.19509 -1.2 
0 0 0 1 
1.29904 0 0 0 
0 1.73205 0 0 
0 0 -1.10526 -1.05263 
0 0 -1 0 
img0148.jpg
0.92388 -0.382683 0 0 
0.0746578 0.18024 0.980785 0 
-0.37533 -0.906127 0.19509 -1.2 
0 0 0 1 
1.29904 0 0 0 
0 1.73205 0 0 
0 0 -1.10526 -1.05263 
0 0 -1 0 
img0149.jpg
0.881921 -0.471397 0 0 
0.091965 0.172054 0.980785 0 
-0.462339 -0.864975 0.19509 -1.2 
0 0 0 1 
1.29904 0 0 0 
0 1.73205 0 0 
0 0 -1.10526 -1.05263 
0 0 -1 0 
img0150.jpg
0.83147 -0.55557 0 0 
0.108386 0.162212 0.980785 0 
-0.544895 -0.815493 0.19509 -1.2 
0 0 0 1 
1.29904 0 0 0 
0 1.73205 0 0 
0 0 -1.10526 -1.05263 
0 0 -1 0 
img0151.jpg
0.773011 -0.634393 0 0 
0.123764 0.150807 0.980785 0 
-0.622204 -0.758157 0.19509 -1.2 
0 0 0 1 
1.29904 0 0 0 
0 1.73205 0 0 
0 0 -1.10526 -1.05263 
0 0 -1 0 
img0152.jpg
0.707107 -0.707107 0 0 
0.13795 0.13795 0.980785 0 
-0.69352 -0.69352 0.19509 -1.2 
0 0 0 1 
1.29904 0 0 0 
0 1.73205 0 0 
0 0 -1.10526 -1.05263 
0 0 -1 0 
img0153.jpg
0.634393 -0.77301 0 0 
0.150807 0.123764 0.980785 0 
-0.758157 -0.622204 0.19509 -1.2 
0 0 0 1 
1.29904 0 0 0 
0 1.73205 0 0 
0 0 -1.10526 -1.05263 
0 0 -1 0 
img0154.jpg
0.55557 -0.83147 0 0 
0.162212 0.108386 0.980785 0 
-0.815493 -0.544895 0.19509 -1.2 
0 0 0 1 
1.29904 0 0 0 
0 1.73205 0 0 
0 0 -1.10526 -1.05263 
0 0 -1 0 
img0155.jpg
0.471397 -0.881921 0 0 
0.172054 0.0919649 0.980785 0 
-0.864975 -0.462339 0.19509 -1.2 
0 0 0 1 
1.29904 0 0 0 
0 1.73205 0 0 
0 0 -1.10526 -1.05263 
0 0 -1 0 
img0156.jpg
0.382683 -0.92388 0 0 
0.18024 0.0746578 0.980785 0 
-0.906128 -0.37533 0.19509 -1.2 
0 0 0 1 
1.29904 0 0 0 
0 1.73205 0 0 
0 0 -1.10526 -1.05263 
0 0 -1 0 
img0157.jpg
0.290285 -0.95694 0 0 
0.18669 0.0566318 0.980785 0 
-0.938553 -0.284707 0.19509 -1.2 
0 0 0 1 
1.29904 0 0 0 
0 1.73205 0 0 
0 0 -1.10526 -1.05263 
0 0 -1 0 
img0158.jpg
0.19509 -0.980785 0 0 
0.191342 0.0380602 0.980785 0 
-0.96194 -0.191342 0.19509 -1.2 
0 0 0 1 
1.29904 0 0 0 
0 1.73205 0 0 
0 0 -1.10526 -1.05263 
0 0 -1 0 
img0159.jpg
0.0980171 -0.995185 0 0 
0.194151 0.0191222 0.980785 0 
-0.976063 -0.0961338 0.19509 -1.2 
0 0 0 1 
1.29904 0 0 0 
0 1.73205 0 0 
0 0 -1.10526 -1.05263 
0 0 -1 0 
img0160.jpg
-4.37114e-08 -1 0 0 
0.19509 -8.52767e-09 0.980785 0 
-0.980785 4.28715e-08 0.19509 -1.2 
0 0 0 1 
1.29904 0 0 0 
0 1.73205 0 0 
0 0 -1.10526 -1.05263 
0 0 -1 0 
img0161.jpg
-0.0980172 -0.995185 0 0 
0.194151 -0.0191222 0.980785 0 
-0.976063 0.0961339 0.19509 -1.2 
0 0 0 1 
1.29904 0 0 0 
0 1.73205 0 0 
0 0 -1.10526 -1.05263 
0 0 -1 0 
img0162.jpg
-0.19509 -0.980785 0 0 
0.191342 -0.0380603 0.980785 0 
-0.96194 0.191342 0.19509 -1.2 
0 0 0 1 
1.29904 0 0 0 
0 1.73205 0 0 
0 0 -1.10526 -1.05263 
0 0 -1 0 
img0163.jpg
-0.290285 -0.95694 0 0 
0.18669 -0.0566318 0.980785 0 
-0.938553 0.284707 0.19509 -1.2 
0 0 0 1 
1.29904 0 0 0 
0 1.73205 0 0 
0 0 -1.10526 -1.05263 
0 0 -1 0 
img0164.jpg
-0.382683 -0.92388 0 0 
0.18024 -0.0746578 0.980785 0 
-0.906127 0.37533 0.19509 -1.2 
0 0 0 1 
1.29904 0 0 0 
0 1.73205 0 0 
0 0 -1.10526 -1.05263 
0 0 -1 0 
img0165.jpg
-0.471397 -0.881921 0 0 
0.172054 -0.091965 0.980785 0 
-0.864975 0.462339 0.19509 -1.2 
0 0 0 1 
1.29904 0 0 0 
0 1.73205 0 0 
0 0 -1.10526 -1.05263 
0 0 -1 0 
img0166.jpg
-0.55557 -0.83147 0 0 
0.162212 -0.108386 0.980785 0 
-0.815493 0.544895 0.19509 -1.2 
0 0 0 1 
1.29904 0 0 0 
0 1.73205 0 0 
0 0 -1.10526 -1.05263 
0 0 -1 0 
img0167.jpg
-0.634393 -0.77301 0 0 
0.150807 -0.123764 0.980785 0 
-0.758157 0.622204 0.19509 -1.2 
0 0 0 1 
1.29904 0 0 0 
0 1.73205 0 0 
0 0 -1.10526 -1.05263 
0 0 -1 0 
img0168.jpg
-0.707107 -0.707107 0 0 
0.13795 -0.13795 0.980785 0 
-0.69352 0.69352 0.19509 -1.2 
0 0 0 1 
1.29904 0 0 0 
0 1.73205 0 0 
0 0 -1.10526 -1.05263 
0 0 -1 0 
img0169.jpg
-0.77301 -0.634393 0 0 
0.123764 -0.150807 0.980785 0 
-0.622204 0.758157 0.19509 -1.2 
0 0 0 1 
1.29904 0 0 0 
0 1.73205 0 0 
0 0 -1.10526 -1.05263 
0 0 -1 0 
img0170.jpg
-0.83147 -0.55557 0 0 
0.108386 -0.162212 0.980785 0 
-0.544895 0.815493 0.19509 -1.2 
0 0 0 1 
1.29904 0 0 0 
0 1.73205 0 0 
0 0 -1.10526 -1.05263 
0 0 -1 0 
img0171.jpg
-0.881921 -0.471397 0 0 
0.091965 -0.172054 0.980785 0 
-0.462339 0.864975 0.19509 -1.2 
0 0 0 1 
1.29904 0 0 0 
0 1.73205 0 0 
0 0 -1.10526 -1.05263 
0 0 -1 0 
img0172.jpg
-0.92388 -0.382683 0 0 
0.0746578 -0.18024 0.980785 0 
-0.37533 0.906128 0.19509 -1.2 
0 0 0 1 
1.29904 0 0 0 
0 1.73205 0 0 
0 0 -1.10526 -1.05263 
0 0 -1 0 
img0173.jpg
-0.95694 -0.290285 0 0 
0.0566317 -0.18669 0.980785 0 
-0.284707 0.938553 0.19509 -1.2 
0 0 0 1 
1.29904 0 0 0 
0 1.73205 0 0 
0 0 -1.10526 -1.05263 
0 0 -1 0 
img0174.jpg
-0.980785 -0.195091 0 0 
0.0380603 -0.191342 0.980785 0 
-0.191342 0.96194 0.19509 -1.2 
0 0 0 1 
1.29904 0 0 0 
0 1.73205 0 0 
0 0 -1.10526 -1.05263 
0 0 -1 0 
img0175.jpg
-0.995185 -0.0980171 0 0 
0.0191222 -0.194151 0.980785 0 
-0.0961337 0.976062 0.19509 -1.2 
0 0 0 1 
1.29904 0 0 0 
0 1.73205 0 0 
0 0 -1.10526 -1.05263 
0 0 -1 0 
img0176.jpg
-1 -1.50996e-07 0 0 
2.94578e-08 -0.19509 0.980785 0 
-1.48094e-07 0.980785 0.19509 -1.2 
0 0 0 1 
1.29904 0 0 0 
0 1.73205 0 0 
0 0 -1.10526 -1.05263 
0 0 -1 0 
img0177.jpg
-0.995185 0.0980173 0 0 
-0.0191222 -0.194151 0.980785 0 
0.0961339 0.976062 0.19509 -1.2 
0 0 0 1 
1.29904 0 0 0 
0 1.73205 0 0 
0 0 -1.10526 -1.05263 
0 0 -1 0 
img0178.jpg
-0.980785 0.19509 0 0 
-0.0380602 -0.191342 0.980785 0 
0.191342 0.96194 0.19509 -1.2 
0 0 0 1 
1.29904 0 0 0 
0 1.73205 0 0 
0 0 -1.10526 -1.05263 
0 0 -1 0 
img0179.jpg
-0.95694 0.290285 0 0 
-0.0566318 -0.18669 0.980785 0 
0.284707 0.938553 0.19509 -1.2 
0 0 0 1 
1.29904 0 0 0 
0 1.73205 0 0 
0 0 -1.10526 -1.05263 
0 0 -1 0 
img0180.jpg
-0.92388 0.382683 0 0 
-0.0746578 -0.18024 0.980785 0 
0.37533 0.906127 0.19509 -1.2 
0 0 0 1 
1.29904 0 0 0 
0 1.73205 0 0 
0 0 -1.10526 -1.05263 
0 0 -1 0 
img0181.jpg
-0.881921 0.471397 0 0 
-0.0919649 -0.172054 0.980785 0 
0.462339 0.864976 0.19509 -1.2 
0 0 0 1 
1.29904 0 0 0 
0 1.73205 0 0 
0 0 -1.10526 -1.05263 
0 0 -1 0 
img0182.jpg
-0.83147 0.55557 0 0 
-0.108386 -0.162212 0.980785 0 
0.544895 0.815493 0.19509 -1.2 
0 0 0 1 
1.29904 0 0 0 
0 1.73205 0 0 
0 0 -1.10526 -1.05263 
0 0 -1 0 
img0183.jpg
-0.773011 0.634393 0 0 
-0.123764 -0.150807 0.980785 0 
0.622204 0.758157 0.19509 -1.2 
0 0 0 1 
1.29904 0 0 0 
0 1.73205 0 0 
0 0 -1.10526 -1.05263 
0 0 -1 0 
img0184.jpg
-0.707107 0.707107 0 0 
-0.13795 -0.13795 0.980785 0 
0.69352 0.69352 0.19509 -1.2 
0 0 0 1 
1.29904 0 0 0 
0 1.73205 0 0 
0 0 -1.10526 -1.05263 
0 0 -1 0 
img0185.jpg
-0.634393 0.77301 0 0 
-0.150807 -0.123764 0.980785 0 
0.758157 0.622204 0.19509 -1.2 
0 0 0 1 
1.29904 0 0 0 
0 1.73205 0 0 
0 0 -1.10526 -1.05263 
0 0 -1 0 
img0186.jpg
-0.55557 0.83147 0 0 
-0.162212 -0.108386 0.980785 0 
0.815493 0.544895 0.19509 -1.2 
0 0 0 1 
1.29904 0 0 0 
0 1.73205 0 0 
0 0 -1.10526 -1.05263 
0 0 -1 0 
img0187.jpg
-0.471397 0.881921 0 0 
-0.172054 -0.0919649 0.980785 0 
0.864975 0.462339 0.19509 -1.2 
0 0 0 1 
1.29904 0 0 0 
0 1.73205 0 0 
0 0 -1.10526 -1.05263 
0 0 -1 0 
img0188.jpg
-0.382684 0.92388 0 0 
-0.18024 -0.0746579 0.980785 0 
0.906127 0.37533 0.19509 -1.2 
0 0 0 1 
1.29904 0 0 0 
0 1.73205 0 0 
0 0 -1.10526 -1.05263 
0 0 -1 0 
img0189.jpg
-0.290285 0.95694 0 0 
-0.18669 -0.0566317 0.980785 0 
0.938553 0.284707 0.19509 -1.2 
0 0 0 1 
1.29904 0 0 0 
0 1.73205 0 0 
0 0 -1.10526 -1.05263 
0 0 -1 0 
img0190.jpg
-0.19509 0.980785 0 0 
-0.191342 -0.0380602 0.980785 0 
0.96194 0.191342 0.19509 -1.2 
0 0 0 1 
1.29904 0 0 0 
0 1.73205 0 0 
0 0 -1.10526 -1.05263 
0 0 -1 0 
img0191.jpg
-0.0980169 0.995185 0 0 
-0.194151 -0.0191222 0.980785 0 
0.976063 0.0961336 0.19509 -1.2 
0 0 0 1 
1.29904 0 0 0 
0 1.73205 0 0 
0 0 -1.10526 -1.05263 
0 0 -1 0 
img0192.jpg
-4.37114e-08 1 0 0 
-0.290285 -1.26887e-08 0.95694 0 
0.95694 4.18292e-08 0.290285 -1.2 
0 0 0 1 
1.29904 0 0 0 
0 1.73205 0 0 
0 0 -1.10526 -1.05263 
0 0 -1 0 
img0193.jpg
0.0980171 0.995185 0 0 
-0.288887 0.0284529 0.95694 0 
0.952332 -0.0937966 0.290285 -1.2 
0 0 0 1 
1.29904 0 0 0 
0 1.73205 0 0 
0 0 -1.10526 -1.05263 
0 0 -1 0 
img0194.jpg
0.19509 0.980785 0 0 
-0.284707 0.0566317 0.95694 0 
0.938553 -0.18669 0.290285 -1.2 
0 0 0 1 
1.29904 0 0 0 
0 1.73205 0 0 
0 0 -1.10526 -1.05263 
0 0 -1 0 
img0195.jpg
0.290285 0.95694 0 0 
-0.277785 0.0842652 0.95694 0 
0.915735 -0.277785 0.290285 -1.2 
0 0 0 1 
1.29904 0 0 0 
0 1.73205 0 0 
0 0 -1.10526 -1.05263 
0 0 -1 0 
img0196.jpg
0.382683 0.92388 0 0 
-0.268188 0.111087 0.95694 0 
0.884098 -0.366205 0.290285 -1.2 
0 0 0 1 
1.29904 0 0 0 
0 1.73205 0 0 
0 0 -1.10526 -1.05263 
0 0 -1 0 
img0197.jpg
0.471397 0.881921 0 0 
-0.256008 0.136839 0.95694 0 
0.843946 -0.451099 0.290285 -1.2 
0 0 0 1 
1.29904 0 0 0 
0 1.73205 0 0 
0 0 -1.10526 -1.05263 
0 0 -1 0 
img0198.jpg
0.55557 0.83147 0 0 
-0.241363 0.161274 0.95694 0 
0.795667 -0.531648 0.290285 -1.2 
0 0 0 1 
1.29904 0 0 0 
0 1.73205 0 0 
0 0 -1.10526 -1.05263 
0 0 -1 0 
img0199.jpg
0.634393 0.77301 0 0 
-0.224393 0.184155 0.95694 0 
0.739725 -0.607077 0.290285 -1.2 
0 0 0 1 
1.29904 0 0 0 
0 1.73205 0 0 
0 0 -1.10526 -1.05263 
0 0 -1 0 
img0200.jpg
0.707107 0.707107 0 0 
-0.205262 0.205262 0.95694 0 
0.676659 -0.676659 0.290285 -1.2 
0 0 0 1 
1.29904 0 0 0 
0 1.73205 0 0 
0 0 -1.10526 -1.05263 
0 0 -1 0 
img0201.jpg
0.77301 0.634393 0 0 
-0.184155 0.224393 0.95694 0 
0.607077 -0.739725 0.290285 -1.2 
0 0 0 1 
1.29904 0 0 0 
0 1.73205 0 0 
0 0 -1.10526 -1.05263 
0 0 -1 0 
img0202.jpg
0.83147 0.55557 0 0 
-0.161274 0.241363 0.95694 0 
0.531648 -0.795667 0.290285 -1.2 
0 0 0 1 
1.29904 0 0 0 
0 1.73205 0 0 
0 0 -1.10526 -1.05263 
0 0 -1 0 
img0203.jpg
0.881921 0.471397 0 0 
-0.136839 0.256008 0.95694 0 
0.451099 -0.843946 0.290285 -1.2 
0 0 0 1 
1.29904 0 0 0 
0 1.73205 0 0 
0 0 -1.10526 -1.05263 
0 0 -1 0 
img0204.jpg
0.92388 0.382683 0 0 
-0.111087 0.268188 0.95694 0 
0.366205 -0.884098 0.290285 -1.2 
0 0 0 1 
1.29904 0 0 0 
0 1.73205 0 0 
0 0 -1.10526 -1.05263 
0 0 -1 0 
img0205.jpg
0.95694 0.290285 0 0 
-0.0842652 0.277785 0.95694 0 
0.277785 -0.915735 0.290285 -1.2 
0 0 0 1 
1.29904 0 0 0 
0 1.73205 0 0 
0 0 -1.10526 -1.05263 
0 0 -1 0 
img0206.jpg
0.980785 0.19509 0 0 
-0.0566317 0.284707 0.95694 0 
0.18669 -0.938553 0.290285 -1.2 
0 0 0 1 
1.29904 0 0 0 
0 1.73205 0 0 
0 0 -1.10526 -1.05263 
0 0 -1 0 
img0207.jpg
0.995185 0.0980172 0 0 
-0.0284529 0.288887 0.95694 0 
0.0937966 -0.952332 0.290285 -1.2 
0 0 0 1 
1.29904 0 0 0 
0 1.73205 0 0 
0 0 -1.10526 -1.05263 
0 0 -1 0 
img0208.jpg
1 0 0 0 
0 0.290285 0.95694 0 
0 -0.95694 0.290285 -1.2 
0 0 0 1 
1.29904 0 0 0 
0 1.73205 0 0 
0 0 -1.10526 -1.05263 
0 0 -1 0 
img0209.jpg
0.995185 -0.0980172 0 0 
0.0284529 0.288887 0.95694 0 
-0.0937966 -0.952332 0.290285 -1.2 
0 0 0 1 
1.29904 0 0 0 
0 1.73205 0 0 
0 0 -1.10526 -1.05263 
0 0 -1 0 
img0210.jpg
0.980785 -0.19509 0 0 
0.0566317 0.284707 0.95694 0 
-0.18669 -0.938553 0.290285 -1.2 
0 0 0 1 
1.29904 0 0 0 
0 1.73205 0 0 
0 0 -1.10526 -1.05263 
0 0 -1 0 
img0211.jpg
0.95694 -0.290285 0 0 
0.0842652 0.277785 0.95694 0 
-0.277785 -0.915735 0.290285 -1.2 
0 0 0 1 
1.29904 0 0 0 
0 1.73205 0 0 
0 0 -1.10526 -1.05263 
0 0 -1 0 
img0212.jpg
0.92388 -0.382683 0 0 
0.111087 0.268188 0.95694 0 
-0.366205 -0.884098 0.290285 -1.2 
0 0 0 1 
1.29904 0 0 0 
0 1.73205 0 0 
0 0 -1.10526 -1.05263 
0 0 -1 0 
img0213.jpg
0.881921 -0.471397 0 0 
0.136839 0.256008 0.95694 0 
-0.451099 -0.843946 0.290285 -1.2 
0 0 0 1 
1.29904 0 0 0 
0 1.73205 0 0 
0 0 -1.10526 -1.05263 
0 0 -1 0 
img0214.jpg
0.83147 -0.55557 0 0 
0.161274 0.241363 0.95694 0 
-0.531648 -0.795667 0.290285 -1.2 
0 0 0 1 
1.29904 0 0 0 
0 1.73205 0 0 
0 0 -1.10526 -1.05263 
0 0 -1 0 
img0215.jpg
0.773011 -0.634393 0 0 
0.184155 0.224393 0.95694 0 
-0.607077 -0.739725 0.290285 -1.2 
0 0 0 1 
1.29904 0 0 0 
0 1.73205 0 0 
0 0 -1.10526 -1.05263 
0 0 -1 0 
img0216.jpg
0.707107 -0.707107 0 0 
0.205262 0.205262 0.95694 0 
-0.676659 -0.676659 0.290285 -1.2 
0 0 0 1 
1.29904 0 0 0 
0 1.73205 0 0 
0 0 -1.10526 -1.05263 
0 0 -1 0 
img0217.jpg
0.634393 -0.77301 0 0 
0.224393 0.184155 0.95694 0 
-0.739725 -0.607077 0.290285 -1.2 
0 0 0 1 
1.29904 0 0 0 
0 1.73205 0 0 
0 0 -1.10526 -1.05263 
0 0 -1 0 
img0218.jpg
0.55557 -0.83147 0 0 
0.241363 0.161274 0.95694 0 
-0.795667 -0.531648 0.290285 -1.2 
0 0 0 1 
1.29904 0 0 0 
0 1.73205 0 0 
0 0 -1.10526 -1.05263 
0 0 -1 0 
img0219.jpg
0.471397 -0.881921 0 0 
0.256008 0.136839 0.95694 0 
-0.843946 -0.451098 0.290285 -1.2 
0 0 0 1 
1.29904 0 0 0 
0 1.73205 0 0 
0 0 -1.10526 -1.05263 
0 0 -1 0 
img0220.jpg
0.382683 -0.92388 0 0 
0.268188 0.111087 0.95694 0 
-0.884098 -0.366205 0.290285 -1.2 
0 0 0 1 
1.29904 0 0 0 
0 1.73205 0 0 
0 0 -1.10526 -1.05263 
0 0 -1 0 
img0221.jpg
0.290285 -0.95694 0 0 
0.277785 0.0842652 0.95694 0 
-0.915735 -0.277785 0.290285 -1.2 
0 0 0 1 
1.29904 0 0 0 
0 1.73205 0 0 
0 0 -1.10526 -1.05263 
0 0 -1 0 
img0222.jpg
0.19509 -0.980785 0 0 
0.284707 0.0566317 0.95694 0 
-0.938553 -0.18669 0.290285 -1.2 
0 0 0 1 
1.29904 0 0 0 
0 1.73205 0 0 
0 0 -1.10526 -1.05263 
0 0 -1 0 
img0223.jpg
0.0980171 -0.995185 0 0 
0.288887 0.0284529 0.95694 0 
-0.952332 -0.0937966 0.290285 -1.2 
0 0 0 1 
1.29904 0 0 0 
0 1.73205 0 0 
0 0 -1.10526 -1.05263 
0 0 -1 0 
img0224.jpg
-4.37114e-08 -1 0 0 
0.290285 -1.26887e-08 0.95694 0 
-0.95694 4.18292e-08 0.290285 -1.2 
0 0 0 1 
1.29904 0 0 0 
0 1.73205 0 0 
0 0 -1.10526 -1.05263 
0 0 -1 0 
img0225.jpg
-0.0980172 -0.995185 0 0 
0.288887 -0.0284529 0.95694 0 
-0.952332 0.0937966 0.290285 -1.2 
0 0 0 1 
1.29904 0 0 0 
0 1.73205 0 0 
0 0 -1.10526 -1.05263 
0 0 -1 0 
img0226.jpg
-0.19509 -0.980785 0 0 
0.284707 -0.0566318 0.95694 0 
-0.938553 0.18669 0.290285 -1.2 
0 0 0 1 
1.29904 0 0 0 
0 1.73205 0 0 
0 0 -1.10526 -1.05263 
0 0 -1 0 
img0227.jpg
-0.290285 -0.95694 0 0 
0.277785 -0.0842652 0.95694 0 
-0.915735 0.277785 0.290285 -1.2 
0 0 0 1 
1.29904 0 0 0 
0 1.73205 0 0 
0 0 -1.10526 -1.05263 
0 0 -1 0 
img0228.jpg
-0.382683 -0.92388 0 0 
0.268188 -0.111087 0.95694 0 
-0.884098 0.366205 0.290285 -1.2 
0 0 0 1 
1.29904 0 0 0 
0 1.73205 0 0 
0 0 -1.10526 -1.05263 
0 0 -1 0 
img0229.jpg
-0.471397 -0.881921 0 0 
0.256008 -0.136839 0.95694 0 
-0.843946 0.451099 0.290285 -1.2 
0 0 0 1 
1.29904 0 0 0 
0 1.73205 0 0 
0 0 -1.10526 -1.05263 
0 0 -1 0 
img0230.jpg
-0.55557 -0.83147 0 0 
0.241363 -0.161274 0.95694 0 
-0.795667 0.531648 0.290285 -1.2 
0 0 0 1 
1.29904 0 0 0 
0 1.73205 0 0 
0 0 -1.10526 -1.05263 
0 0 -1 0 
img0231.jpg
-0.634393 -0.77301 0 0 
0.224393 -0.184155 0.95694 0 
-0.739725 0.607077 0.290285 -1.2 
0 0 0 1 
1.29904 0 0 0 
0 1.73205 0 0 
0 0 -1.10526 -1.05263 
0 0 -1 0 
img0232.jpg
-0.707107 -0.707107 0 0 
0.205262 -0.205262 0.95694 0 
-0.676659 0.676659 0.290285 -1.2 
0 0 0 1 
1.29904 0 0 0 
0 1.73205 0 0 
0 0 -1.10526 -1.05263 
0 0 -1 0 
img0233.jpg
-0.77301 -0.634393 0 0 
0.184155 -0.224393 0.95694 0 
-0.607077 0.739725 0.290285 -1.2 
0 0 0 1 
1.29904 0 0 0 
0 1.73205 0 0 
0 0 -1.10526 -1.05263 
0 0 -1 0 
img0234.jpg
-0.83147 -0.55557 0 0 
0.161274 -0.241363 0.95694 0 
-0.531648 0.795667 0.290285 -1.2 
0 0 0 1 
1.29904 0 0 0 
0 1.73205 0 0 
0 0 -1.10526 -1.05263 
0 0 -1 0 
img0235.jpg
-0.881921 -0.471397 0 0 
0.136839 -0.256008 0.95694 0 
-0.451099 0.843946 0.290285 -1.2 
0 0 0 1 
1.29904 0 0 0 
0 1.73205 0 0 
0 0 -1.10526 -1.05263 
0 0 -1 0 
img0236.jpg
-0.92388 -0.382683 0 0 
0.111087 -0.268188 0.95694 0 
-0.366205 0.884098 0.290285 -1.2 
0 0 0 1 
1.29904 0 0 0 
0 1.73205 0 0 
0 0 -1.10526 -1.05263 
0 0 -1 0 
img0237.jpg
-0.95694 -0.290285 0 0 
0.0842652 -0.277785 0.95694 0 
-0.277785 0.915735 0.290285 -1.2 
0 0 0 1 
1.29904 0 0 0 
0 1.73205 0 0 
0 0 -1.10526 -1.05263 
0 0 -1 0 
img0238.jpg
-0.980785 -0.195091 0 0 
0.0566318 -0.284707 0.95694 0 
-0.18669 0.938553 0.290285 -1.2 
0 0 0 1 
1.29904 0 0 0 
0 1.73205 0 0 
0 0 -1.10526 -1.05263 
0 0 -1 0 
img0239.jpg
-0.995185 -0.0980171 0 0 
0.0284529 -0.288887 0.95694 0 
-0.0937965 0.952332 0.290285 -1.2 
0 0 0 1 
1.29904 0 0 0 
0 1.73205 0 0 
0 0 -1.10526 -1.05263 
0 0 -1 0 
img0240.jpg
-1 -1.50996e-07 0 0 
4.38318e-08 -0.290285 0.95694 0 
-1.44494e-07 0.95694 0.290285 -1.2 
0 0 0 1 
1.29904 0 0 0 
0 1.73205 0 0 
0 0 -1.10526 -1.05263 
0 0 -1 0 
img0241.jpg
-0.995185 0.0980173 0 0 
-0.0284529 -0.288887 0.95694 0 
0.0937967 0.952332 0.290285 -1.2 
0 0 0 1 
1.29904 0 0 0 
0 1.73205 0 0 
0 0 -1.10526 -1.05263 
0 0 -1 0 
img0242.jpg
-0.980785 0.19509 0 0 
-0.0566317 -0.284707 0.95694 0 
0.18669 0.938553 0.290285 -1.2 
0 0 0 1 
1.29904 0 0 0 
