000001.jpg
-4.37114e-08 1 0 0 
0 0 1 0 
1 4.37114e-08 -0 -1.5 
0 0 0 1 
1.29904 0 0 0 
0 1.73205 0 0 
0 0 -1.10526 -1.05263 
0 0 -1 0 
000002.jpg
0.0490677 0.998796 0 0 
0 0 1 0 
0.998796 -0.0490677 -0 -1.5 
0 0 0 1 
1.29904 0 0 0 
0 1.73205 0 0 
0 0 -1.10526 -1.05263 
0 0 -1 0 
000003.jpg
0.0980171 0.995185 0 0 
0 0 1 0 
0.995185 -0.0980171 -0 -1.5 
0 0 0 1 
1.29904 0 0 0 
0 1.73205 0 0 
0 0 -1.10526 -1.05263 
0 0 -1 0 
000004.jpg
0.14673 0.989177 0 0 
0 0 1 0 
0.989177 -0.14673 -0 -1.5 
0 0 0 1 
1.29904 0 0 0 
0 1.73205 0 0 
0 0 -1.10526 -1.05263 
0 0 -1 0 
000005.jpg
0.19509 0.980785 0 0 
0 0 1 0 
0.980785 -0.19509 -0 -1.5 
0 0 0 1 
1.29904 0 0 0 
0 1.73205 0 0 
0 0 -1.10526 -1.05263 
0 0 -1 0 
000006.jpg
0.24298 0.970031 0 0 
0 0 1 0 
0.970031 -0.24298 -0 -1.5 
0 0 0 1 
1.29904 0 0 0 
0 1.73205 0 0 
0 0 -1.10526 -1.05263 
0 0 -1 0 
000007.jpg
0.290285 0.95694 0 0 
0 0 1 0 
0.95694 -0.290285 -0 -1.5 
0 0 0 1 
1.29904 0 0 0 
0 1.73205 0 0 
0 0 -1.10526 -1.05263 
0 0 -1 0 
000008.jpg
0.33689 0.941544 0 0 
0 0 1 0 
0.941544 -0.33689 -0 -1.5 
0 0 0 1 
1.29904 0 0 0 
0 1.73205 0 0 
0 0 -1.10526 -1.05263 
0 0 -1 0 
000009.jpg
0.382683 0.92388 0 0 
0 0 1 0 
0.92388 -0.382683 -0 -1.5 
0 0 0 1 
1.29904 0 0 0 
0 1.73205 0 0 
0 0 -1.10526 -1.05263 
0 0 -1 0 
000010.jpg
0.427555 0.903989 0 0 
0 0 1 0 
0.903989 -0.427555 -0 -1.5 
0 0 0 1 
1.29904 0 0 0 
0 1.73205 0 0 
0 0 -1.10526 -1.05263 
0 0 -1 0 
000011.jpg
0.471397 0.881921 0 0 
0 0 1 0 
0.881921 -0.471397 -0 -1.5 
0 0 0 1 
1.29904 0 0 0 
0 1.73205 0 0 
0 0 -1.10526 -1.05263 
0 0 -1 0 
000012.jpg
0.514103 0.857729 0 0 
0 0 1 0 
0.857729 -0.514103 -0 -1.5 
0 0 0 1 
1.29904 0 0 0 
0 1.73205 0 0 
0 0 -1.10526 -1.05263 
0 0 -1 0 
000013.jpg
0.55557 0.83147 0 0 
0 0 1 0 
0.83147 -0.55557 -0 -1.5 
0 0 0 1 
1.29904 0 0 0 
0 1.73205 0 0 
0 0 -1.10526 -1.05263 
0 0 -1 0 
000014.jpg
0.595699 0.803208 0 0 
0 0 1 0 
0.803208 -0.595699 -0 -1.5 
0 0 0 1 
1.29904 0 0 0 
0 1.73205 0 0 
0 0 -1.10526 -1.05263 
0 0 -1 0 
000015.jpg
0.634393 0.77301 0 0 
0 0 1 0 
0.77301 -0.634393 -0 -1.5 
0 0 0 1 
1.29904 0 0 0 
0 1.73205 0 0 
0 0 -1.10526 -1.05263 
0 0 -1 0 
000016.jpg
0.671559 0.740951 0 0 
0 0 1 0 
0.740951 -0.671559 -0 -1.5 
0 0 0 1 
1.29904 0 0 0 
0 1.73205 0 0 
0 0 -1.10526 -1.05263 
0 0 -1 0 
000017.jpg
-0.000331571 0.999901 0.0140995 0 
-0.0469983 -0.0140995 0.998795 0 
0.998895 -0.000331484 0.0469983 -1.5 
0 0 0 1 
1.29904 0 0 0 
0 1.73205 0 0 
0 0 -1.10526 -1.05263 
0 0 -1 0 
000018.jpg
0.0487316 0.998712 0.0140995 0 
-0.0476335 -0.0117764 0.998795 0 
0.997675 -0.0493446 0.0469983 -1.5 
0 0 0 1 
1.29904 0 0 0 
0 1.73205 0 0 
0 0 -1.10526 -1.05263 
0 0 -1 0 
000019.jpg
0.0976774 0.995118 0.0140995 0 
-0.048154 -0.00942496 0.998795 0 
0.994052 -0.0982388 0.0469983 -1.5 
0 0 0 1 
1.29904 0 0 0 
0 1.73205 0 0 
0 0 -1.10526 -1.05263 
0 0 -1 0 
000020.jpg
0.146388 0.989127 0.0140995 0 
-0.0485584 -0.0070508 0.998795 0 
0.988035 -0.146896 0.0469983 -1.5 
0 0 0 1 
1.29904 0 0 0 
0 1.73205 0 0 
0 0 -1.10526 -1.05263 
0 0 -1 0 
000021.jpg
0.194746 0.980752 0.0140995 0 
-0.0488459 -0.00465966 0.998795 0 
0.979637 -0.1952 0.0469983 -1.5 
0 0 0 1 
1.29904 0 0 0 
0 1.73205 0 0 
0 0 -1.10526 -1.05263 
0 0 -1 0 
000022.jpg
0.242634 0.970015 0.0140995 0 
-0.0490157 -0.00225729 0.998795 0 
0.968879 -0.243033 0.0469983 -1.5 
0 0 0 1 
1.29904 0 0 0 
0 1.73205 0 0 
0 0 -1.10526 -1.05263 
0 0 -1 0 
000023.jpg
0.289939 0.956941 0.0140995 0 
-0.0490674 0.000150513 0.998795 0 
0.955787 -0.290281 0.0469983 -1.5 
0 0 0 1 
1.29904 0 0 0 
0 1.73205 0 0 
0 0 -1.10526 -1.05263 
0 0 -1 0 
000024.jpg
0.336544 0.941562 0.0140995 0 
-0.049001 0.00255796 0.998795 0 
0.940392 -0.33683 0.0469983 -1.5 
0 0 0 1 
1.29904 0 0 0 
0 1.73205 0 0 
0 0 -1.10526 -1.05263 
0 0 -1 0 
000025.jpg
0.382339 0.923915 0.0140995 0 
-0.0488164 0.00495924 0.998796 0 
0.922732 -0.382567 0.0469983 -1.5 
0 0 0 1 
1.29904 0 0 0 
0 1.73205 0 0 
0 0 -1.10526 -1.05263 
0 0 -1 0 
000026.jpg
0.427213 0.904041 0.0140995 0 
-0.0485143 0.00734857 0.998795 0 
0.902849 -0.427382 0.0469983 -1.5 
0 0 0 1 
1.29904 0 0 0 
0 1.73205 0 0 
0 0 -1.10526 -1.05263 
0 0 -1 0 
000027.jpg
0.471058 0.88199 0.0140995 0 
-0.0480953 0.00972021 0.998796 0 
0.88079 -0.471168 0.0469983 -1.5 
0 0 0 1 
1.29904 0 0 0 
0 1.73205 0 0 
0 0 -1.10526 -1.05263 
0 0 -1 0 
000028.jpg
0.513767 0.857814 0.0140995 0 
-0.0475604 0.0120684 0.998795 0 
0.85661 -0.513819 0.0469983 -1.5 
0 0 0 1 
1.29904 0 0 0 
0 1.73205 0 0 
0 0 -1.10526 -1.05263 
0 0 -1 0 
000029.jpg
0.555239 0.831571 0.0140995 0 
-0.0469109 0.0143876 0.998795 0 
0.830367 -0.555232 0.0469983 -1.5 
0 0 0 1 
1.29904 0 0 0 
0 1.73205 0 0 
0 0 -1.10526 -1.05263 
0 0 -1 0 
000030.jpg
0.595374 0.803325 0.0140995 0 
-0.0461485 0.016672 0.998795 0 
0.802122 -0.595307 0.0469983 -1.5 
0 0 0 1 
1.29904 0 0 0 
0 1.73205 0 0 
0 0 -1.10526 -1.05263 
0 0 -1 0 
000031.jpg
0.634074 0.773144 0.0140995 0 
-0.0452748 0.0189164 0.998796 0 
0.771946 -0.633949 0.0469983 -1.5 
0 0 0 1 
1.29904 0 0 0 
0 1.73205 0 0 
0 0 -1.10526 -1.05263 
0 0 -1 0 
000032.jpg
0.671246 0.7411 0.0140995 0 
-0.0442921 0.0211151 0.998795 0 
0.73991 -0.671062 0.0469983 -1.5 
0 0 0 1 
1.29904 0 0 0 
0 1.73205 0 0 
0 0 -1.10526 -1.05263 
0 0 -1 0 
000033.jpg
-0.00132535 0.999602 0.028165 0 
-0.0938834 -0.028165 0.995185 0 
0.995582 -0.00132526 0.0938834 -1.5 
0 0 0 1 
1.29904 0 0 0 
0 1.73205 0 0 
0 0 -1.10526 -1.05263 
0 0 -1 0 
000034.jpg
0.0477244 0.998463 0.028165 0 
-0.0951523 -0.0235245 0.995185 0 
0.994318 -0.0501746 0.0938834 -1.5 
0 0 0 1 
1.29904 0 0 0 
0 1.73205 0 0 
0 0 -1.10526 -1.05263 
0 0 -1 0 
000035.jpg
0.0966592 0.994919 0.028165 0 
-0.096192 -0.0188272 0.995185 0 
0.990658 -0.098903 0.0938834 -1.5 
0 0 0 1 
1.29904 0 0 0 
0 1.73205 0 0 
0 0 -1.10526 -1.05263 
0 0 -1 0 
000036.jpg
0.145361 0.988978 0.028165 0 
-0.0969999 -0.0140846 0.995185 0 
0.984612 -0.147393 0.0938834 -1.5 
0 0 0 1 
1.29904 0 0 0 
0 1.73205 0 0 
0 0 -1.10526 -1.05263 
0 0 -1 0 
000037.jpg
0.193713 0.980654 0.028165 0 
-0.0975742 -0.0093081 0.995185 0 
0.976194 -0.195528 0.0938834 -1.5 
0 0 0 1 
1.29904 0 0 0 
0 1.73205 0 0 
0 0 -1.10526 -1.05263 
0 0 -1 0 
000038.jpg
0.241598 0.969968 0.028165 0 
-0.0979134 -0.00450915 0.995185 0 
0.965424 -0.243192 0.0938834 -1.5 
0 0 0 1 
1.29904 0 0 0 
0 1.73205 0 0 
0 0 -1.10526 -1.05263 
0 0 -1 0 
000039.jpg
0.288901 0.956945 0.028165 0 
-0.0980167 0.000300664 0.995185 0 
0.952328 -0.290271 0.0938834 -1.5 
0 0 0 1 
1.29904 0 0 0 
0 1.73205 0 0 
0 0 -1.10526 -1.05263 
0 0 -1 0 
000040.jpg
0.335508 0.941616 0.028165 0 
-0.0978839 0.00510976 0.995185 0 
0.936938 -0.336649 0.0938834 -1.5 
0 0 0 1 
1.29904 0 0 0 
0 1.73205 0 0 
0 0 -1.10526 -1.05263 
0 0 -1 0 
000041.jpg
0.381307 0.924019 0.028165 0 
-0.0975152 0.00990654 0.995185 0 
0.919291 -0.382217 0.0938834 -1.5 
0 0 0 1 
1.29904 0 0 0 
0 1.73205 0 0 
0 0 -1.10526 -1.05263 
0 0 -1 0 
000042.jpg
0.426187 0.904197 0.028165 0 
-0.0969117 0.0146794 0.995185 0 
0.899429 -0.426864 0.0938834 -1.5 
0 0 0 1 
1.29904 0 0 0 
0 1.73205 0 0 
0 0 -1.10526 -1.05263 
0 0 -1 0 
000043.jpg
0.470041 0.882195 0.028165 0 
-0.0960747 0.019417 0.995185 0 
0.8774 -0.470483 0.0938834 -1.5 
0 0 0 1 
1.29904 0 0 0 
0 1.73205 0 0 
0 0 -1.10526 -1.05263 
0 0 -1 0 
000044.jpg
0.512762 0.858069 0.028165 0 
-0.0950062 0.0241078 0.995185 0 
0.853258 -0.512968 0.0938834 -1.5 
0 0 0 1 
1.29904 0 0 0 
0 1.73205 0 0 
0 0 -1.10526 -1.05263 
0 0 -1 0 
000045.jpg
0.554247 0.831875 0.028165 0 
-0.0937088 0.0287405 0.995185 0 
0.82706 -0.554218 0.0938834 -1.5 
0 0 0 1 
1.29904 0 0 0 
0 1.73205 0 0 
0 0 -1.10526 -1.05263 
0 0 -1 0 
000046.jpg
0.594398 0.803678 0.028165 0 
-0.0921857 0.0333039 0.995185 0 
0.79887 -0.594132 0.0938834 -1.5 
0 0 0 1 
1.29904 0 0 0 
0 1.73205 0 0 
0 0 -1.10526 -1.05263 
0 0 -1 0 
000047.jpg
0.633117 0.773544 0.028165 0 
-0.0904405 0.0377871 0.995185 0 
0.768755 -0.632615 0.0938834 -1.5 
0 0 0 1 
1.29904 0 0 0 
0 1.73205 0 0 
0 0 -1.10526 -1.05263 
0 0 -1 0 
000048.jpg
0.67031 0.741547 0.028165 0 
-0.0884775 0.0421793 0.995185 0 
0.736788 -0.669574 0.0938834 -1.5 
0 0 0 1 
1.29904 0 0 0 
0 1.73205 0 0 
0 0 -1.10526 -1.05263 
0 0 -1 0 
000049.jpg
-0.00297899 0.999106 0.0421627 0 
-0.140542 -0.0421627 0.989176 0 
0.99007 -0.0029789 0.140542 -1.5 
0 0 0 1 
1.29904 0 0 0 
0 1.73205 0 0 
0 0 -1.10526 -1.05263 
0 0 -1 0 
000050.jpg
0.0460484 0.998049 0.0421627 0 
-0.142442 -0.0352158 0.989177 0 
0.988732 -0.0515558 0.140542 -1.5 
0 0 0 1 
1.29904 0 0 0 
0 1.73205 0 0 
0 0 -1.10526 -1.05263 
0 0 -1 0 
000051.jpg
0.094965 0.994587 0.0421627 0 
-0.143998 -0.0281841 0.989177 0 
0.985011 -0.100008 0.140542 -1.5 
0 0 0 1 
1.29904 0 0 0 
0 1.73205 0 0 
0 0 -1.10526 -1.05263 
0 0 -1 0 
000052.jpg
0.143653 0.98873 0.0421627 0 
-0.145208 -0.0210845 0.989177 0 
0.978917 -0.14822 0.140542 -1.5 
0 0 0 1 
1.29904 0 0 0 
0 1.73205 0 0 
0 0 -1.10526 -1.05263 
0 0 -1 0 
000053.jpg
0.191994 0.98049 0.0421627 0 
-0.146067 -0.0139341 0.989177 0 
0.970465 -0.196075 0.140542 -1.5 
0 0 0 1 
1.29904 0 0 0 
0 1.73205 0 0 
0 0 -1.10526 -1.05263 
0 0 -1 0 
000054.jpg
0.239873 0.969888 0.0421627 0 
-0.146575 -0.00675014 0.989177 0 
0.959675 -0.243457 0.140542 -1.5 
0 0 0 1 
1.29904 0 0 0 
0 1.73205 0 0 
0 0 -1.10526 -1.05263 
0 0 -1 0 
000055.jpg
0.287175 0.95695 0.0421627 0 
-0.14673 0.00045009 0.989177 0 
0.946573 -0.290253 0.140542 -1.5 
0 0 0 1 
1.29904 0 0 0 
0 1.73205 0 0 
0 0 -1.10526 -1.05263 
0 0 -1 0 
000056.jpg
0.333784 0.941706 0.0421627 0 
-0.146531 0.00764924 0.989177 0 
0.931191 -0.336349 0.140542 -1.5 
0 0 0 1 
1.29904 0 0 0 
0 1.73205 0 0 
0 0 -1.10526 -1.05263 
0 0 -1 0 
000057.jpg
0.379589 0.924194 0.0421627 0 
-0.145979 0.01483 0.989177 0 
0.913566 -0.381636 0.140542 -1.5 
0 0 0 1 
1.29904 0 0 0 
0 1.73205 0 0 
0 0 -1.10526 -1.05263 
0 0 -1 0 
000058.jpg
0.42448 0.904455 0.0421627 0 
-0.145076 0.0219749 0.989177 0 
0.893739 -0.426002 0.140542 -1.5 
0 0 0 1 
1.29904 0 0 0 
0 1.73205 0 0 
0 0 -1.10526 -1.05263 
0 0 -1 0 
000059.jpg
0.468348 0.882537 0.0421627 0 
-0.143823 0.029067 0.989177 0 
0.87176 -0.469343 0.140542 -1.5 
0 0 0 1 
1.29904 0 0 0 
0 1.73205 0 0 
0 0 -1.10526 -1.05263 
0 0 -1 0 
000060.jpg
0.511088 0.858494 0.0421627 0 
-0.142223 0.036089 0.989177 0 
0.84768 -0.511553 0.140542 -1.5 
0 0 0 1 
1.29904 0 0 0 
0 1.73205 0 0 
0 0 -1.10526 -1.05263 
0 0 -1 0 
000061.jpg
0.552597 0.832382 0.0421627 0 
-0.140281 0.0430241 0.989177 0 
0.821558 -0.55253 0.140542 -1.5 
0 0 0 1 
1.29904 0 0 0 
0 1.73205 0 0 
0 0 -1.10526 -1.05263 
0 0 -1 0 
000062.jpg
0.592774 0.804264 0.0421627 0 
-0.138001 0.0498556 0.989177 0 
0.793457 -0.592177 0.140542 -1.5 
0 0 0 1 
1.29904 0 0 0 
0 1.73205 0 0 
0 0 -1.10526 -1.05263 
0 0 -1 0 
000063.jpg
0.631524 0.774209 0.0421627 0 
-0.135388 0.0565669 0.989177 0 
0.763445 -0.630397 0.140542 -1.5 
0 0 0 1 
1.29904 0 0 0 
0 1.73205 0 0 
0 0 -1.10526 -1.05263 
0 0 -1 0 
000064.jpg
0.668751 0.742289 0.0421627 0 
-0.13245 0.0631419 0.989177 0 
0.731593 -0.667098 0.140542 -1.5 
0 0 0 1 
1.29904 0 0 0 
0 1.73205 0 0 
0 0 -1.10526 -1.05263 
0 0 -1 0 
000065.jpg
-0.00528851 0.998413 0.0560588 0 
-0.186863 -0.0560588 0.980785 0 
0.982372 -0.00528842 0.186863 -1.5 
0 0 0 1 
1.29904 0 0 0 
0 1.73205 0 0 
0 0 -1.10526 -1.05263 
0 0 -1 0 
000066.jpg
0.0437077 0.99747 0.0560588 0 
-0.189388 -0.0468224 0.980785 0 
0.980929 -0.0534848 0.186863 -1.5 
0 0 0 1 
1.29904 0 0 0 
0 1.73205 0 0 
0 0 -1.10526 -1.05263 
0 0 -1 0 
000067.jpg
0.0925986 0.994124 0.0560588 0 
-0.191458 -0.0374731 0.980785 0 
0.977123 -0.101552 0.186863 -1.5 
0 0 0 1 
1.29904 0 0 0 
0 1.73205 0 0 
0 0 -1.10526 -1.05263 
0 0 -1 0 
000068.jpg
0.141266 0.988383 0.0560588 0 
-0.193066 -0.0280336 0.980785 0 
0.970963 -0.149375 0.186863 -1.5 
0 0 0 1 
1.29904 0 0 0 
0 1.73205 0 0 
0 0 -1.10526 -1.05263 
0 0 -1 0 
000069.jpg
0.189594 0.980261 0.0560588 0 
-0.194209 -0.0185266 0.980785 0 
0.962464 -0.196838 0.186863 -1.5 
0 0 0 1 
1.29904 0 0 0 
0 1.73205 0 0 
0 0 -1.10526 -1.05263 
0 0 -1 0 
000070.jpg
0.237465 0.969777 0.0560588 0 
-0.194884 -0.00897487 0.980785 0 
0.951646 -0.243827 0.186863 -1.5 
0 0 0 1 
1.29904 0 0 0 
0 1.73205 0 0 
0 0 -1.10526 -1.05263 
0 0 -1 0 
000071.jpg
0.284763 0.956957 0.0560588 0 
-0.195089 0.000598434 0.980785 0 
0.938536 -0.290228 0.186863 -1.5 
0 0 0 1 
1.29904 0 0 0 
0 1.73205 0 0 
0 0 -1.10526 -1.05263 
0 0 -1 0 
000072.jpg
0.331376 0.941832 0.0560588 0 
-0.194825 0.0101703 0.980785 0 
0.923165 -0.33593 0.186863 -1.5 
0 0 0 1 
1.29904 0 0 0 
0 1.73205 0 0 
0 0 -1.10526 -1.05263 
0 0 -1 0 
000073.jpg
0.37719 0.924438 0.0560588 0 
-0.194091 0.0197177 0.980785 0 
0.905569 -0.380823 0.186863 -1.5 
0 0 0 1 
1.29904 0 0 0 
0 1.73205 0 0 
0 0 -1.10526 -1.05263 
0 0 -1 0 
000074.jpg
0.422096 0.904816 0.0560588 0 
-0.19289 0.0292175 0.980785 0 
0.885793 -0.424799 0.186863 -1.5 
0 0 0 1 
1.29904 0 0 0 
0 1.73205 0 0 
0 0 -1.10526 -1.05263 
0 0 -1 0 
000075.jpg
0.465985 0.883015 0.0560588 0 
-0.191224 0.038647 0.980785 0 
0.863882 -0.467751 0.186863 -1.5 
0 0 0 1 
1.29904 0 0 0 
0 1.73205 0 0 
0 0 -1.10526 -1.05263 
0 0 -1 0 
000076.jpg
0.508751 0.859087 0.0560588 0 
-0.189097 0.0479834 0.980785 0 
0.83989 -0.509576 0.186863 -1.5 
0 0 0 1 
1.29904 0 0 0 
0 1.73205 0 0 
0 0 -1.10526 -1.05263 
0 0 -1 0 
000077.jpg
0.550292 0.833089 0.0560588 0 
-0.186515 0.0572041 0.980785 0 
0.813874 -0.550174 0.186863 -1.5 
0 0 0 1 
1.29904 0 0 0 
0 1.73205 0 0 
0 0 -1.10526 -1.05263 
0 0 -1 0 
000078.jpg
0.590506 0.805084 0.0560588 0 
-0.183484 0.0662871 0.980785 0 
0.785898 -0.589446 0.186863 -1.5 
0 0 0 1 
1.29904 0 0 0 
0 1.73205 0 0 
0 0 -1.10526 -1.05263 
0 0 -1 0 
000079.jpg
0.629299 0.775139 0.0560588 0 
-0.18001 0.0752104 0.980785 0 
0.756029 -0.627298 0.186863 -1.5 
0 0 0 1 
1.29904 0 0 0 
0 1.73205 0 0 
0 0 -1.10526 -1.05263 
0 0 -1 0 
000080.jpg
0.666575 0.743327 0.0560588 0 
-0.176103 0.0839524 0.980785 0 
0.724338 -0.663639 0.186863 -1.5 
0 0 0 1 
1.29904 0 0 0 
0 1.73205 0 0 
0 0 -1.10526 -1.05263 
0 0 -1 0 
000081.jpg
-0.00824832 0.997526 0.0698198 0 
-0.232733 -0.0698199 0.970031 0 
0.972506 -0.00824823 0.232733 -1.5 
0 0 0 1 
1.29904 0 0 0 
0 1.73205 0 0 
0 0 -1.10526 -1.05263 
0 0 -1 0 
000082.jpg
0.0407079 0.996729 0.0698198 0 
-0.235878 -0.0583161 0.970031 0 
0.97093 -0.0559569 0.232733 -1.5 
0 0 0 1 
1.29904 0 0 0 
0 1.73205 0 0 
0 0 -1.10526 -1.05263 
0 0 -1 0 
000083.jpg
0.089566 0.993531 0.0698199 0 
-0.238456 -0.0466718 0.970031 0 
0.967014 -0.103531 0.232733 -1.5 
0 0 0 1 
1.29904 0 0 0 
0 1.73205 0 0 
0 0 -1.10526 -1.05263 
0 0 -1 0 
000084.jpg
0.138208 0.987939 0.0698198 0 
-0.240459 -0.0349151 0.970031 0 
0.96077 -0.150855 0.232733 -1.5 
0 0 0 1 
1.29904 0 0 0 
0 1.73205 0 0 
0 0 -1.10526 -1.05263 
0 0 -1 0 
000085.jpg
0.186518 0.979968 0.0698198 0 
-0.241882 -0.0230744 0.970031 0 
0.95221 -0.197816 0.232733 -1.5 
0 0 0 1 
1.29904 0 0 0 
0 1.73205 0 0 
0 0 -1.10526 -1.05263 
0 0 -1 0 
000086.jpg
0.234378 0.969635 0.0698198 0 
-0.242723 -0.011178 0.970031 0 
0.941357 -0.244301 0.232733 -1.5 
0 0 0 1 
1.29904 0 0 0 
0 1.73205 0 0 
0 0 -1.10526 -1.05263 
0 0 -1 0 
000087.jpg
0.281673 0.956967 0.0698198 0 
-0.242979 0.000745334 0.970031 0 
0.928236 -0.290197 0.232733 -1.5 
0 0 0 1 
1.29904 0 0 0 
0 1.73205 0 0 
0 0 -1.10526 -1.05263 
0 0 -1 0 
000088.jpg
0.32829 0.941993 0.0698198 0 
-0.24265 0.0126669 0.970031 0 
0.912878 -0.335393 0.232733 -1.5 
0 0 0 1 
1.29904 0 0 0 
0 1.73205 0 0 
0 0 -1.10526 -1.05263 
0 0 -1 0 
000089.jpg
0.374116 0.92475 0.0698198 0 
-0.241736 0.0245579 0.970031 0 
0.895322 -0.379782 0.232733 -1.5 
0 0 0 1 
1.29904 0 0 0 
0 1.73205 0 0 
0 0 -1.10526 -1.05263 
0 0 -1 0 
000090.jpg
0.419041 0.905279 0.0698198 0 
-0.24024 0.0363897 0.970031 0 
0.875608 -0.423256 0.232733 -1.5 
0 0 0 1 
1.29904 0 0 0 
0 1.73205 0 0 
0 0 -1.10526 -1.05263 
0 0 -1 0 
000091.jpg
0.462956 0.883627 0.0698198 0 
-0.238165 0.0481339 0.970031 0 
0.853785 -0.46571 0.232733 -1.5 
0 0 0 1 
1.29904 0 0 0 
0 1.73205 0 0 
0 0 -1.10526 -1.05263 
0 0 -1 0 
000092.jpg
0.505756 0.859847 0.0698198 0 
-0.235516 0.0597621 0.970031 0 
0.829906 -0.507043 0.232733 -1.5 
0 0 0 1 
1.29904 0 0 0 
0 1.73205 0 0 
0 0 -1.10526 -1.05263 
0 0 -1 0 
000093.jpg
0.547337 0.833995 0.0698198 0 
-0.2323 0.0712463 0.970031 0 
0.804026 -0.547153 0.232733 -1.5 
0 0 0 1 
1.29904 0 0 0 
0 1.73205 0 0 
0 0 -1.10526 -1.05263 
0 0 -1 0 
000094.jpg
0.5876 0.806134 0.0698198 0 
-0.228524 0.082559 0.970031 0 
0.77621 -0.585946 0.232733 -1.5 
0 0 0 1 
1.29904 0 0 0 
0 1.73205 0 0 
0 0 -1.10526 -1.05263 
0 0 -1 0 
000095.jpg
0.626447 0.77633 0.0698198 0 
-0.224198 0.0936727 0.970031 0 
0.746524 -0.623327 0.232733 -1.5 
0 0 0 1 
1.29904 0 0 0 
0 1.73205 0 0 
0 0 -1.10526 -1.05263 
0 0 -1 0 
000096.jpg
0.663786 0.744657 0.0698198 0 
-0.219332 0.104561 0.970031 0 
0.71504 -0.659206 0.232733 -1.5 
0 0 0 1 
1.29904 0 0 0 
0 1.73205 0 0 
0 0 -1.10526 -1.05263 
0 0 -1 0 
000097.jpg
-0.0118513 0.996445 0.0834127 0 
-0.278042 -0.0834127 0.95694 0 
0.960496 -0.0118512 0.278042 -1.5 
0 0 0 1 
1.29904 0 0 0 
0 1.73205 0 0 
0 0 -1.10526 -1.05263 
0 0 -1 0 
000098.jpg
0.0370562 0.995826 0.0834127 0 
-0.2818 -0.0696693 0.95694 0 
0.958757 -0.0589663 0.278042 -1.5 
0 0 0 1 
1.29904 0 0 0 
0 1.73205 0 0 
0 0 -1.10526 -1.05263 
0 0 -1 0 
000099.jpg
0.0858744 0.992808 0.0834127 0 
-0.284879 -0.0557581 0.95694 0 
0.954709 -0.105939 0.278042 -1.5 
0 0 0 1 
1.29904 0 0 0 
0 1.73205 0 0 
0 0 -1.10526 -1.05263 
0 0 -1 0 
000100.jpg
0.134486 0.987399 0.0834127 0 
-0.287272 -0.0417126 0.95694 0 
0.948361 -0.152657 0.278042 -1.5 
0 0 0 1 
1.29904 0 0 0 
0 1.73205 0 0 
0 0 -1.10526 -1.05263 
0 0 -1 0 
000101.jpg
0.182773 0.97961 0.0834127 0 
-0.288973 -0.0275666 0.95694 0 
0.939728 -0.199007 0.278042 -1.5 
0 0 0 1 
1.29904 0 0 0 
0 1.73205 0 0 
0 0 -1.10526 -1.05263 
0 0 -1 0 
000102.jpg
0.23062 0.969462 0.0834127 0 
-0.289977 -0.0133542 0.95694 0 
0.928831 -0.244877 0.278042 -1.5 
0 0 0 1 
1.29904 0 0 0 
0 1.73205 0 0 
0 0 -1.10526 -1.05263 
0 0 -1 0 
000103.jpg
0.277912 0.956978 0.0834127 0 
-0.290283 0.000890441 0.95694 0 
0.915697 -0.290158 0.278042 -1.5 
0 0 0 1 
1.29904 0 0 0 
0 1.73205 0 0 
0 0 -1.10526 -1.05263 
0 0 -1 0 
000104.jpg
0.324534 0.942189 0.0834127 0 
-0.28989 0.0151329 0.95694 0 
0.900356 -0.33474 0.278042 -1.5 
0 0 0 1 
1.29904 0 0 0 
0 1.73205 0 0 
0 0 -1.10526 -1.05263 
0 0 -1 0 
000105.jpg
0.370374 0.92513 0.0834127 0 
-0.288798 0.0293389 0.95694 0 
0.882847 -0.378515 0.278042 -1.5 
0 0 0 1 
1.29904 0 0 0 
0 1.73205 0 0 
0 0 -1.10526 -1.05263 
0 0 -1 0 
000106.jpg
0.415321 0.905842 0.0834127 0 
-0.287011 0.0434742 0.95694 0 
0.863211 -0.421378 0.278042 -1.5 
0 0 0 1 
1.29904 0 0 0 
0 1.73205 0 0 
0 0 -1.10526 -1.05263 
0 0 -1 0 
000107.jpg
0.459269 0.884372 0.0834127 0 
-0.284532 0.0575048 0.95694 0 
0.841495 -0.463226 0.278042 -1.5 
0 0 0 1 
1.29904 0 0 0 
0 1.73205 0 0 
0 0 -1.10526 -1.05263 
0 0 -1 0 
000108.jpg
0.50211 0.860772 0.0834127 0 
-0.281368 0.0713968 0.95694 0 
0.817752 -0.503959 0.278042 -1.5 
0 0 0 1 
1.29904 0 0 0 
0 1.73205 0 0 
0 0 -1.10526 -1.05263 
0 0 -1 0 
000109.jpg
0.543741 0.835098 0.0834127 0 
-0.277525 0.0851169 0.95694 0 
0.792039 -0.543477 0.278042 -1.5 
0 0 0 1 
1.29904 0 0 0 
0 1.73205 0 0 
0 0 -1.10526 -1.05263 
0 0 -1 0 
000110.jpg
0.584062 0.807412 0.0834127 0 
-0.273015 0.0986319 0.95694 0 
0.764418 -0.581686 0.278042 -1.5 
0 0 0 1 
1.29904 0 0 0 
0 1.73205 0 0 
0 0 -1.10526 -1.05263 
0 0 -1 0 
000111.jpg
0.622977 0.77778 0.0834127 0 
-0.267846 0.111909 0.95694 0 
0.734955 -0.618493 0.278042 -1.5 
0 0 0 1 
1.29904 0 0 0 
0 1.73205 0 0 
0 0 -1.10526 -1.05263 
0 0 -1 0 
000112.jpg
0.66039 0.746276 0.0834127 0 
-0.262032 0.124917 0.95694 0 
0.703722 -0.653811 0.278042 -1.5 
0 0 0 1 
1.29904 0 0 0 
0 1.73205 0 0 
0 0 -1.10526 -1.05263 
0 0 -1 0 
000113.jpg
-0.0160888 0.995173 0.0968046 0 
-0.322682 -0.0968046 0.941544 0 
0.946371 -0.0160888 0.322682 -1.5 
0 0 0 1 
1.29904 0 0 0 
0 1.73205 0 0 
0 0 -1.10526 -1.05263 
0 0 -1 0 
000114.jpg
0.0327614 0.994764 0.0968046 0 
-0.327043 -0.0808547 0.941544 0 
0.944441 -0.0625056 0.322682 -1.5 
0 0 0 1 
1.29904 0 0 0 
0 1.73205 0 0 
0 0 -1.10526 -1.05263 
0 0 -1 0 
000115.jpg
0.0815327 0.991958 0.0968046 0 
-0.330617 -0.0647101 0.941544 0 
0.940237 -0.108772 0.322682 -1.5 
0 0 0 1 
1.29904 0 0 0 
0 1.73205 0 0 
0 0 -1.10526 -1.05263 
0 0 -1 0 
000116.jpg
0.130108 0.986763 0.0968046 0 
-0.333394 -0.0484095 0.941544 0 
0.933767 -0.154776 0.322682 -1.5 
0 0 0 1 
1.29904 0 0 0 
0 1.73205 0 0 
0 0 -1.10526 -1.05263 
0 0 -1 0 
000117.jpg
0.178369 0.97919 0.0968046 0 
-0.335367 -0.0319924 0.941544 0 
0.925048 -0.200407 0.322682 -1.5 
0 0 0 1 
1.29904 0 0 0 
0 1.73205 0 0 
0 0 -1.10526 -1.05263 
0 0 -1 0 
000118.jpg
0.226201 0.969258 0.0968046 0 
-0.336533 -0.0154982 0.941544 0 
0.9141 -0.245556 0.322682 -1.5 
0 0 0 1 
1.29904 0 0 0 
0 1.73205 0 0 
0 0 -1.10526 -1.05263 
0 0 -1 0 
000119.jpg
0.273488 0.956992 0.0968046 0 
-0.336888 0.0010334 0.941544 0 
0.90095 -0.290113 0.322682 -1.5 
0 0 0 1 
1.29904 0 0 0 
0 1.73205 0 0 
0 0 -1.10526 -1.05263 
0 0 -1 0 
000120.jpg
0.320115 0.94242 0.0968046 0 
-0.336432 0.0175625 0.941544 0 
0.88563 -0.333971 0.322682 -1.5 
0 0 0 1 
1.29904 0 0 0 
0 1.73205 0 0 
0 0 -1.10526 -1.05263 
0 0 -1 0 
000121.jpg
0.365972 0.925577 0.0968046 0 
-0.335165 0.0340493 0.941544 0 
0.868176 -0.377025 0.322682 -1.5 
0 0 0 1 
1.29904 0 0 0 
0 1.73205 0 0 
0 0 -1.10526 -1.05263 
0 0 -1 0 
000122.jpg
0.410947 0.906505 0.0968046 0 
-0.33309 0.050454 0.941544 0 
0.84863 -0.41917 0.322682 -1.5 
0 0 0 1 
1.29904 0 0 0 
0 1.73205 0 0 
0 0 -1.10526 -1.05263 
0 0 -1 0 
000123.jpg
0.454932 0.885249 0.0968046 0 
-0.330213 0.0667372 0.941544 0 
0.82704 -0.460305 0.322682 -1.5 
0 0 0 1 
1.29904 0 0 0 
0 1.73205 0 0 
0 0 -1.10526 -1.05263 
0 0 -1 0 
000124.jpg
0.497821 0.86186 0.0968046 0 
-0.326541 0.0828596 0.941544 0 
0.803458 -0.500332 0.322682 -1.5 
0 0 0 1 
1.29904 0 0 0 
0 1.73205 0 0 
0 0 -1.10526 -1.05263 
0 0 -1 0 
000125.jpg
0.539511 0.836395 0.0968046 0 
-0.322082 0.0987824 0.941544 0 
0.77794 -0.539153 0.322682 -1.5 
0 0 0 1 
1.29904 0 0 0 
0 1.73205 0 0 
0 0 -1.10526 -1.05263 
0 0 -1 0 
000126.jpg
0.579901 0.808915 0.0968046 0 
-0.316847 0.114467 0.941544 0 
0.750548 -0.576675 0.322682 -1.5 
0 0 0 1 
1.29904 0 0 0 
0 1.73205 0 0 
0 0 -1.10526 -1.05263 
0 0 -1 0 
000127.jpg
0.618895 0.779486 0.0968046 0 
-0.310849 0.129876 0.941544 0 
0.721348 -0.612808 0.322682 -1.5 
0 0 0 1 
1.29904 0 0 0 
0 1.73205 0 0 
0 0 -1.10526 -1.05263 
0 0 -1 0 
000128.jpg
0.656397 0.748179 0.0968046 0 
-0.304102 0.144972 0.941544 0 
0.69041 -0.647465 0.322682 -1.5 
0 0 0 1 
1.29904 0 0 0 
0 1.73205 0 0 
0 0 -1.10526 -1.05263 
0 0 -1 0 
000129.jpg
-0.0209506 0.993715 0.109963 0 
-0.366544 -0.109963 0.923879 0 
0.930165 -0.0209506 0.366544 -1.5 
0 0 0 1 
1.29904 0 0 0 
0 1.73205 0 0 
0 0 -1.10526 -1.05263 
0 0 -1 0 
000130.jpg
0.0278339 0.993546 0.109963 0 
-0.371498 -0.0918454 0.92388 0 
0.928016 -0.0665664 0.366544 -1.5 
0 0 0 1 
1.29904 0 0 0 
0 1.73205 0 0 
0 0 -1.10526 -1.05263 
0 0 -1 0 
000131.jpg
0.0765514 0.990983 0.109963 0 
-0.375558 -0.0735062 0.92388 0 
0.923632 -0.112022 0.366544 -1.5 
0 0 0 1 
1.29904 0 0 0 
0 1.73205 0 0 
0 0 -1.10526 -1.05263 
0 0 -1 0 
000132.jpg
0.125084 0.986033 0.109963 0 
-0.378712 -0.0549899 0.92388 0 
0.917023 -0.157207 0.366544 -1.5 
0 0 0 1 
1.29904 0 0 0 
0 1.73205 0 0 
0 0 -1.10526 -1.05263 
0 0 -1 0 
000133.jpg
0.173316 0.978708 0.109963 0 
-0.380954 -0.0363412 0.92388 0 
0.908205 -0.202014 0.366544 -1.5 
0 0 0 1 
1.29904 0 0 0 
0 1.73205 0 0 
0 0 -1.10526 -1.05263 
0 0 -1 0 
000134.jpg
0.22113 0.969025 0.109963 0 
-0.382278 -0.0176049 0.92388 0 
0.897198 -0.246334 0.366544 -1.5 
0 0 0 1 
1.29904 0 0 0 
0 1.73205 0 0 
0 0 -1.10526 -1.05263 
0 0 -1 0 
000135.jpg
0.268412 0.957008 0.109963 0 
-0.382682 0.00117387 0.92388 0 
0.884031 -0.290061 0.366544 -1.5 
0 0 0 1 
1.29904 0 0 0 
0 1.73205 0 0 
0 0 -1.10526 -1.05263 
0 0 -1 0 
000136.jpg
0.315047 0.942684 0.109963 0 
-0.382163 0.0199498 0.92388 0 
0.868733 -0.333089 0.366544 -1.5 
0 0 0 1 
1.29904 0 0 0 
0 1.73205 0 0 
0 0 -1.10526 -1.05263 
0 0 -1 0 
000137.jpg
0.360922 0.92609 0.109963 0 
-0.380724 0.0386776 0.92388 0 
0.851343 -0.375314 0.366544 -1.5 
0 0 0 1 
1.29904 0 0 0 
0 1.73205 0 0 
0 0 -1.10526 -1.05263 
0 0 -1 0 
000138.jpg
0.405929 0.907265 0.109963 0 
-0.378367 0.0573122 0.92388 0 
0.831901 -0.416636 0.366544 -1.5 
0 0 0 1 
1.29904 0 0 0 
0 1.73205 0 0 
0 0 -1.10526 -1.05263 
0 0 -1 0 
000139.jpg
0.449957 0.886254 0.109963 0 
-0.3751 0.0758088 0.92388 0 
0.810456 -0.456953 0.366544 -1.5 
0 0 0 1 
1.29904 0 0 0 
0 1.73205 0 0 
0 0 -1.10526 -1.05263 
0 0 -1 0 
000140.jpg
0.492902 0.863108 0.109963 0 
-0.370928 0.0941227 0.92388 0 
0.787058 -0.49617 0.366544 -1.5 
0 0 0 1 
1.29904 0 0 0 
0 1.73205 0 0 
0 0 -1.10526 -1.05263 
0 0 -1 0 
000141.jpg
0.534659 0.837883 0.109963 0 
-0.365863 0.11221 0.92388 0 
0.761764 -0.534192 0.366544 -1.5 
0 0 0 1 
1.29904 0 0 0 
0 1.73205 0 0 
0 0 -1.10526 -1.05263 
0 0 -1 0 
000142.jpg
0.575128 0.81064 0.109963 0 
-0.359916 0.130027 0.92388 0 
0.734635 -0.570926 0.366544 -1.5 
0 0 0 1 
1.29904 0 0 0 
0 1.73205 0 0 
0 0 -1.10526 -1.05263 
0 0 -1 0 
000143.jpg
0.614211 0.781443 0.109963 0 
-0.353103 0.14753 0.92388 0 
0.705736 -0.606285 0.366544 -1.5 
0 0 0 1 
1.29904 0 0 0 
0 1.73205 0 0 
0 0 -1.10526 -1.05263 
0 0 -1 0 
000144.jpg
0.651815 0.750364 0.109963 0 
-0.345438 0.164679 0.92388 0 
0.675137 -0.640184 0.366544 -1.5 
0 0 0 1 
1.29904 0 0 0 
0 1.73205 0 0 
0 0 -1.10526 -1.05263 
0 0 -1 0 
000145.jpg
-0.026425 0.992073 0.122857 0 
-0.409523 -0.122857 0.903989 0 
0.911917 -0.0264249 0.409523 -1.5 
0 0 0 1 
1.29904 0 0 0 
0 1.73205 0 0 
0 0 -1.10526 -1.05263 
0 0 -1 0 
000146.jpg
0.0222855 0.992174 0.122857 0 
-0.415059 -0.102615 0.903989 0 
0.909522 -0.0711387 0.409524 -1.5 
0 0 0 1 
1.29904 0 0 0 
0 1.73205 0 0 
0 0 -1.10526 -1.05263 
0 0 -1 0 
000147.jpg
0.0709424 0.989886 0.122857 0 
-0.419594 -0.0821251 0.903989 0 
0.904936 -0.115681 0.409523 -1.5 
0 0 0 1 
1.29904 0 0 0 
0 1.73205 0 0 
0 0 -1.10526 -1.05263 
0 0 -1 0 
000148.jpg
0.119428 0.985212 0.122857 0 
-0.423118 -0.0614377 0.903989 0 
0.898169 -0.159945 0.409523 -1.5 
0 0 0 1 
1.29904 0 0 0 
0 1.73205 0 0 
0 0 -1.10526 -1.05263 
0 0 -1 0 
000149.jpg
0.167626 0.978165 0.122857 0 
-0.425623 -0.0406024 0.903989 0 
0.889239 -0.203823 0.409523 -1.5 
0 0 0 1 
1.29904 0 0 0 
0 1.73205 0 0 
0 0 -1.10526 -1.05263 
0 0 -1 0 
000150.jpg
0.215421 0.968762 0.122857 0 
-0.427102 -0.0196691 0.903989 0 
0.878167 -0.247211 0.409523 -1.5 
0 0 0 1 
1.29904 0 0 0 
0 1.73205 0 0 
0 0 -1.10526 -1.05263 
0 0 -1 0 
000151.jpg
0.262696 0.957025 0.122857 0 
-0.427553 0.0013115 0.903989 0 
0.864979 -0.290003 0.409523 -1.5 
0 0 0 1 
1.29904 0 0 0 
0 1.73205 0 0 
0 0 -1.10526 -1.05263 
0 0 -1 0 
000152.jpg
0.309339 0.942982 0.122857 0 
-0.426974 0.022289 0.903989 0 
0.849708 -0.332096 0.409523 -1.5 
0 0 0 1 
1.29904 0 0 0 
0 1.73205 0 0 
0 0 -1.10526 -1.05263 
0 0 -1 0 
000153.jpg
0.355236 0.926668 0.122857 0 
-0.425366 0.0432127 0.903989 0 
0.832389 -0.373389 0.409524 -1.5 
0 0 0 1 
1.29904 0 0 0 
0 1.73205 0 0 
0 0 -1.10526 -1.05263 
0 0 -1 0 
000154.jpg
0.400278 0.908121 0.122857 0 
-0.422733 0.0640324 0.903989 0 
0.813065 -0.413782 0.409523 -1.5 
0 0 0 1 
1.29904 0 0 0 
0 1.73205 0 0 
0 0 -1.10526 -1.05263 
0 0 -1 0 
000155.jpg
0.444355 0.887387 0.122857 0 
-0.419082 0.0846978 0.903989 0 
0.791782 -0.453179 0.409523 -1.5 
0 0 0 1 
1.29904 0 0 0 
0 1.73205 0 0 
0 0 -1.10526 -1.05263 
0 0 -1 0 
000156.jpg
0.487362 0.864514 0.122857 0 
-0.414421 0.105159 0.903989 0 
0.768592 -0.491484 0.409523 -1.5 
0 0 0 1 
1.29904 0 0 0 
0 1.73205 0 0 
0 0 -1.10526 -1.05263 
0 0 -1 0 
000157.jpg
0.529194 0.839559 0.122857 0 
-0.408762 0.125367 0.903989 0 
0.74355 -0.528605 0.409523 -1.5 
0 0 0 1 
1.29904 0 0 0 
0 1.73205 0 0 
0 0 -1.10526 -1.05263 
0 0 -1 0 
000158.jpg
0.569752 0.812581 0.122857 0 
-0.402118 0.145273 0.903989 0 
0.716717 -0.564453 0.409523 -1.5 
0 0 0 1 
1.29904 0 0 0 
0 1.73205 0 0 
0 0 -1.10526 -1.05263 
0 0 -1 0 
000159.jpg
0.608937 0.783646 0.122857 0 
-0.394506 0.164829 0.903989 0 
0.688157 -0.598941 0.409523 -1.5 
0 0 0 1 
1.29904 0 0 0 
0 1.73205 0 0 
0 0 -1.10526 -1.05263 
0 0 -1 0 
000160.jpg
0.646656 0.752823 0.122857 0 
-0.385943 0.183988 0.903989 0 
0.65794 -0.631985 0.409523 -1.5 
0 0 0 1 
1.29904 0 0 0 
0 1.73205 0 0 
0 0 -1.10526 -1.05263 
0 0 -1 0 
000161.jpg
-0.0324988 0.99025 0.135455 0 
-0.451516 -0.135455 0.881921 0 
0.891671 -0.0324987 0.451516 -1.5 
0 0 0 1 
1.29904 0 0 0 
0 1.73205 0 0 
0 0 -1.10526 -1.05263 
0 0 -1 0 
000162.jpg
0.0161297 0.990652 0.135455 0 
-0.457619 -0.113137 0.881921 0 
0.889002 -0.0762118 0.451516 -1.5 
0 0 0 1 
1.29904 0 0 0 
0 1.73205 0 0 
0 0 -1.10526 -1.05263 
0 0 -1 0 
000163.jpg
0.0647193 0.988667 0.135455 0 
-0.462619 -0.0905463 0.881921 0 
0.884192 -0.119741 0.451516 -1.5 
0 0 0 1 
1.29904 0 0 0 
0 1.73205 0 0 
0 0 -1.10526 -1.05263 
0 0 -1 0 
000164.jpg
0.113153 0.984301 0.135455 0 
-0.466505 -0.0677376 0.881921 0 
0.877251 -0.162982 0.451516 -1.5 
0 0 0 1 
1.29904 0 0 0 
0 1.73205 0 0 
0 0 -1.10526 -1.05263 
0 0 -1 0 
000165.jpg
0.161314 0.977563 0.135455 0 
-0.469266 -0.0447657 0.881921 0 
0.868198 -0.205831 0.451516 -1.5 
0 0 0 1 
1.29904 0 0 0 
0 1.73205 0 0 
0 0 -1.10526 -1.05263 
0 0 -1 0 
000166.jpg
0.209086 0.96847 0.135455 0 
-0.470898 -0.021686 0.881921 0 
0.857052 -0.248183 0.451516 -1.5 
0 0 0 1 
1.29904 0 0 0 
0 1.73205 0 0 
0 0 -1.10526 -1.05263 
0 0 -1 0 
000167.jpg
0.256355 0.957044 0.135455 0 
-0.471395 0.00144599 0.881921 0 
0.843842 -0.289938 0.451516 -1.5 
0 0 0 1 
1.29904 0 0 0 
0 1.73205 0 0 
0 0 -1.10526 -1.05263 
0 0 -1 0 
000168.jpg
0.303006 0.943313 0.135455 0 
-0.470756 0.0245745 0.881921 0 
0.828599 -0.330994 0.451516 -1.5 
0 0 0 1 
1.29904 0 0 0 
0 1.73205 0 0 
0 0 -1.10526 -1.05263 
0 0 -1 0 
000169.jpg
0.348927 0.927309 0.135455 0 
-0.468983 0.0476438 0.881921 0 
0.81136 -0.371253 0.451516 -1.5 
0 0 0 1 
1.29904 0 0 0 
0 1.73205 0 0 
0 0 -1.10526 -1.05263 
0 0 -1 0 
000170.jpg
0.394008 0.909071 0.135455 0 
-0.46608 0.0705983 0.881921 0 
0.792166 -0.410617 0.451516 -1.5 
0 0 0 1 
1.29904 0 0 0 
0 1.73205 0 0 
0 0 -1.10526 -1.05263 
0 0 -1 0 
000171.jpg
0.438139 0.888643 0.135455 0 
-0.462055 0.0933828 0.881921 0 
0.771064 -0.448992 0.451516 -1.5 
0 0 0 1 
1.29904 0 0 0 
0 1.73205 0 0 
0 0 -1.10526 -1.05263 
0 0 -1 0 
000172.jpg
0.481215 0.866074 0.135455 0 
-0.456916 0.115942 0.881921 0 
0.748104 -0.486286 0.451516 -1.5 
0 0 0 1 
1.29904 0 0 0 
0 1.73205 0 0 
0 0 -1.10526 -1.05263 
0 0 -1 0 
000173.jpg
0.523132 0.841418 0.135455 0 
-0.450677 0.138222 0.881921 0 
0.723342 -0.522407 0.451516 -1.5 
0 0 0 1 
1.29904 0 0 0 
0 1.73205 0 0 
0 0 -1.10526 -1.05263 
0 0 -1 0 
000174.jpg
0.563788 0.814736 0.135455 0 
-0.443352 0.16017 0.881921 0 
0.696837 -0.557271 0.451516 -1.5 
0 0 0 1 
1.29904 0 0 0 
0 1.73205 0 0 
0 0 -1.10526 -1.05263 
0 0 -1 0 
000175.jpg
0.603086 0.786091 0.135455 0 
-0.434958 0.181731 0.881921 0 
0.668654 -0.590792 0.451516 -1.5 
0 0 0 1 
1.29904 0 0 0 
0 1.73205 0 0 
0 0 -1.10526 -1.05263 
0 0 -1 0 
000176.jpg
0.640931 0.755552 0.135455 0 
-0.425517 0.202854 0.881921 0 
0.63886 -0.62289 0.451516 -1.5 
0 0 0 1 
1.29904 0 0 0 
0 1.73205 0 0 
0 0 -1.10526 -1.05263 
0 0 -1 0 
000177.jpg
-0.0391573 0.988253 0.147726 0 
-0.492421 -0.147726 0.857729 0 
0.869476 -0.0391572 0.492421 -1.5 
0 0 0 1 
1.29904 0 0 0 
0 1.73205 0 0 
0 0 -1.10526 -1.05263 
0 0 -1 0 
000178.jpg
0.00938115 0.988984 0.147726 0 
-0.499077 -0.123386 0.857729 0 
0.866507 -0.0817732 0.492421 -1.5 
0 0 0 1 
1.29904 0 0 0 
0 1.73205 0 0 
0 0 -1.10526 -1.05263 
0 0 -1 0 
000179.jpg
0.057897 0.987332 0.147726 0 
-0.50453 -0.0987493 0.857729 0 
0.861451 -0.124192 0.492421 -1.5 
0 0 0 1 
1.29904 0 0 0 
0 1.73205 0 0 
0 0 -1.10526 -1.05263 
0 0 -1 0 
000180.jpg
0.106273 0.983302 0.147726 0 
-0.508767 -0.0738742 0.857729 0 
0.854319 -0.166312 0.492421 -1.5 
0 0 0 1 
1.29904 0 0 0 
0 1.73205 0 0 
0 0 -1.10526 -1.05263 
0 0 -1 0 
000181.jpg
0.154394 0.976903 0.147726 0 
-0.511779 -0.0488213 0.857729 0 
0.84513 -0.208031 0.492421 -1.5 
0 0 0 1 
1.29904 0 0 0 
0 1.73205 0 0 
0 0 -1.10526 -1.05263 
0 0 -1 0 
000182.jpg
0.202142 0.968151 0.147726 0 
-0.513558 -0.0236506 0.857729 0 
0.833904 -0.249249 0.492421 -1.5 
0 0 0 1 
1.29904 0 0 0 
0 1.73205 0 0 
0 0 -1.10526 -1.05263 
0 0 -1 0 
000183.jpg
0.249403 0.957066 0.147726 0 
-0.5141 0.00157698 0.857729 0 
0.82067 -0.289867 0.492421 -1.5 
0 0 0 1 
1.29904 0 0 0 
0 1.73205 0 0 
0 0 -1.10526 -1.05263 
0 0 -1 0 
000184.jpg
0.296064 0.943675 0.147726 0 
-0.513404 0.0268008 0.857729 0 
0.805458 -0.329786 0.492421 -1.5 
0 0 0 1 
1.29904 0 0 0 
0 1.73205 0 0 
0 0 -1.10526 -1.05263 
0 0 -1 0 
000185.jpg
0.342011 0.928011 0.147726 0 
-0.51147 0.0519601 0.857729 0 
0.788306 -0.368911 0.492421 -1.5 
0 0 0 1 
1.29904 0 0 0 
0 1.73205 0 0 
0 0 -1.10526 -1.05263 
0 0 -1 0 
000186.jpg
0.387135 0.910112 0.147726 0 
-0.508305 0.0769941 0.857729 0 
0.769255 -0.407146 0.492421 -1.5 
0 0 0 1 
1.29904 0 0 0 
0 1.73205 0 0 
0 0 -1.10526 -1.05263 
0 0 -1 0 
000187.jpg
0.431326 0.89002 0.147726 0 
-0.503914 0.101843 0.857729 0 
0.748351 -0.444402 0.492421 -1.5 
0 0 0 1 
1.29904 0 0 0 
0 1.73205 0 0 
0 0 -1.10526 -1.05263 
0 0 -1 0 
000188.jpg
0.474477 0.867784 0.147726 0 
-0.49831 0.126446 0.857729 0 
0.725643 -0.480586 0.492421 -1.5 
0 0 0 1 
1.29904 0 0 0 
0 1.73205 0 0 
0 0 -1.10526 -1.05263 
0 0 -1 0 
000189.jpg
0.516486 0.843457 0.147726 0 
-0.491506 0.150745 0.857729 0 
0.701188 -0.515613 0.492421 -1.5 
0 0 0 1 
1.29904 0 0 0 
0 1.73205 0 0 
0 0 -1.10526 -1.05263 
0 0 -1 0 
000190.jpg
0.55725 0.817098 0.147726 0 
-0.483517 0.17468 0.857729 0 
0.675044 -0.549398 0.492421 -1.5 
0 0 0 1 
1.29904 0 0 0 
0 1.73205 0 0 
0 0 -1.10526 -1.05263 
0 0 -1 0 
000191.jpg
0.596672 0.788771 0.147726 0 
-0.474363 0.198195 0.857729 0 
0.647273 -0.581859 0.492421 -1.5 
0 0 0 1 
1.29904 0 0 0 
0 1.73205 0 0 
0 0 -1.10526 -1.05263 
0 0 -1 0 
000192.jpg
0.634656 0.758544 0.147726 0 
-0.464067 0.221232 0.857729 0 
0.617943 -0.612918 0.492421 -1.5 
0 0 0 1 
1.29904 0 0 0 
0 1.73205 0 0 
0 0 -1.10526 -1.05263 
0 0 -1 0 
000193.jpg
-0.0463846 0.986085 0.159642 0 
-0.53214 -0.159642 0.83147 0 
0.845385 -0.0463845 0.53214 -1.5 
0 0 0 1 
1.29904 0 0 0 
0 1.73205 0 0 
0 0 -1.10526 -1.05263 
0 0 -1 0 
000194.jpg
0.00205621 0.987173 0.159642 0 
-0.539332 -0.133339 0.83147 0 
0.842091 -0.0878097 0.53214 -1.5 
0 0 0 1 
1.29904 0 0 0 
0 1.73205 0 0 
0 0 -1.10526 -1.05263 
0 0 -1 0 
000195.jpg
0.050492 0.985883 0.159642 0 
-0.545225 -0.106714 0.83147 0 
0.836768 -0.129023 0.53214 -1.5 
0 0 0 1 
1.29904 0 0 0 
0 1.73205 0 0 
0 0 -1.10526 -1.05263 
0 0 -1 0 
000196.jpg
0.0988062 0.982218 0.159642 0 
-0.549805 -0.0798329 0.83147 0 
0.829429 -0.169926 0.53214 -1.5 
0 0 0 1 
1.29904 0 0 0 
0 1.73205 0 0 
0 0 -1.10526 -1.05263 
0 0 -1 0 
000197.jpg
0.146882 0.976187 0.159642 0 
-0.553059 -0.0527592 0.83147 0 
0.820092 -0.21042 0.53214 -1.5 
0 0 0 1 
1.29904 0 0 0 
0 1.73205 0 0 
0 0 -1.10526 -1.05263 
0 0 -1 0 
000198.jpg
0.194605 0.967804 0.159642 0 
-0.554982 -0.0255583 0.83147 0 
0.808779 -0.250406 0.53214 -1.5 
0 0 0 1 
1.29904 0 0 0 
0 1.73205 0 0 
0 0 -1.10526 -1.05263 
0 0 -1 0 
000199.jpg
0.241858 0.957089 0.159642 0 
-0.555568 0.00170419 0.83147 0 
0.795518 -0.289789 0.53214 -1.5 
0 0 0 1 
1.29904 0 0 0 
0 1.73205 0 0 
0 0 -1.10526 -1.05263 
0 0 -1 0 
000200.jpg
0.288529 0.944069 0.159642 0 
-0.554815 0.0289626 0.83147 0 
0.780341 -0.328475 0.53214 -1.5 
0 0 0 1 
1.29904 0 0 0 
0 1.73205 0 0 
0 0 -1.10526 -1.05263 
0 0 -1 0 
000201.jpg
0.334505 0.928774 0.159642 0 
-0.552725 0.0561512 0.83147 0 
0.763283 -0.366369 0.53214 -1.5 
0 0 0 1 
1.29904 0 0 0 
0 1.73205 0 0 
0 0 -1.10526 -1.05263 
0 0 -1 0 
000202.jpg
0.379674 0.911242 0.159642 0 
-0.549304 0.0832044 0.83147 0 
0.744387 -0.40338 0.53214 -1.5 
0 0 0 1 
1.29904 0 0 0 
0 1.73205 0 0 
0 0 -1.10526 -1.05263 
0 0 -1 0 
000203.jpg
0.42393 0.891514 0.159642 0 
-0.54456 0.110057 0.83147 0 
0.723697 -0.439419 0.53214 -1.5 
0 0 0 1 
1.29904 0 0 0 
0 1.73205 0 0 
0 0 -1.10526 -1.05263 
0 0 -1 0 
000204.jpg
0.467163 0.869639 0.159642 0 
-0.538504 0.136645 0.83147 0 
0.701265 -0.4744 0.53214 -1.5 
0 0 0 1 
1.29904 0 0 0 
0 1.73205 0 0 
0 0 -1.10526 -1.05263 
0 0 -1 0 
000205.jpg
0.509272 0.845669 0.159642 0 
-0.53115 0.162904 0.83147 0 
0.677142 -0.508238 0.53214 -1.5 
0 0 0 1 
1.29904 0 0 0 
0 1.73205 0 0 
0 0 -1.10526 -1.05263 
0 0 -1 0 
000206.jpg
0.550154 0.819662 0.159642 0 
-0.522517 0.18877 0.83147 0 
0.651388 -0.540852 0.53214 -1.5 
0 0 0 1 
1.29904 0 0 0 
0 1.73205 0 0 
0 0 -1.10526 -1.05263 
0 0 -1 0 
000207.jpg
0.58971 0.79168 0.159642 0 
-0.512625 0.214181 0.83147 0 
0.624065 -0.572162 0.53214 -1.5 
0 0 0 1 
1.29904 0 0 0 
0 1.73205 0 0 
0 0 -1.10526 -1.05263 
0 0 -1 0 
000208.jpg
0.627845 0.761791 0.159642 0 
-0.501499 0.239076 0.83147 0 
0.595239 -0.602094 0.53214 -1.5 
0 0 0 1 
1.29904 0 0 0 
0 1.73205 0 0 
0 0 -1.10526 -1.05263 
0 0 -1 0 
000209.jpg
-0.0541631 0.983751 0.171173 0 
-0.570576 -0.171173 0.803207 0 
0.819456 -0.054163 0.570576 -1.5 
0 0 0 1 
1.29904 0 0 0 
0 1.73205 0 0 
0 0 -1.10526 -1.05263 
0 0 -1 0 
000210.jpg
-0.00582747 0.985224 0.171173 0 
-0.578288 -0.14297 0.803208 0 
0.815812 -0.0943066 0.570576 -1.5 
0 0 0 1 
1.29904 0 0 0 
0 1.73205 0 0 
0 0 -1.10526 -1.05263 
0 0 -1 0 
000211.jpg
0.0425222 0.984323 0.171173 0 
-0.584607 -0.114422 0.803208 0 
0.810202 -0.134223 0.570576 -1.5 
0 0 0 1 
1.29904 0 0 0 
0 1.73205 0 0 
0 0 -1.10526 -1.05263 
0 0 -1 0 
000212.jpg
0.0907695 0.981051 0.171173 0 
-0.589517 -0.0855993 0.803208 0 
0.80264 -0.173816 0.570576 -1.5 
0 0 0 1 
1.29904 0 0 0 
0 1.73205 0 0 
0 0 -1.10526 -1.05263 
0 0 -1 0 
000213.jpg
0.138798 0.975415 0.171173 0 
-0.593007 -0.05657 0.803208 0 
0.793144 -0.21299 0.570576 -1.5 
0 0 0 1 
1.29904 0 0 0 
0 1.73205 0 0 
0 0 -1.10526 -1.05263 
0 0 -1 0 
000214.jpg
0.186492 0.96743 0.171173 0 
-0.595069 -0.0274044 0.803208 0 
0.781738 -0.251651 0.570576 -1.5 
0 0 0 1 
1.29904 0 0 0 
0 1.73205 0 0 
0 0 -1.10526 -1.05263 
0 0 -1 0 
000215.jpg
0.233737 0.957114 0.171173 0 
-0.595697 0.00182728 0.803208 0 
0.768448 -0.289706 0.570576 -1.5 
0 0 0 1 
1.29904 0 0 0 
0 1.73205 0 0 
0 0 -1.10526 -1.05263 
0 0 -1 0 
000216.jpg
0.280419 0.944492 0.171173 0 
-0.594889 0.0310545 0.803208 0 
0.753307 -0.327063 0.570576 -1.5 
0 0 0 1 
1.29904 0 0 0 
0 1.73205 0 0 
0 0 -1.10526 -1.05263 
0 0 -1 0 
000217.jpg
0.326425 0.929595 0.171173 0 
-0.592649 0.060207 0.803208 0 
0.736352 -0.363633 0.570576 -1.5 
0 0 0 1 
1.29904 0 0 0 
0 1.73205 0 0 
0 0 -1.10526 -1.05263 
0 0 -1 0 
000218.jpg
0.371645 0.912458 0.171173 0 
-0.588981 0.0892143 0.803208 0 
0.717622 -0.399326 0.570576 -1.5 
0 0 0 1 
1.29904 0 0 0 
0 1.73205 0 0 
0 0 -1.10526 -1.05263 
0 0 -1 0 
000219.jpg
0.41597 0.893123 0.171173 0 
-0.583894 0.118007 0.803208 0 
0.697164 -0.434057 0.570576 -1.5 
0 0 0 1 
1.29904 0 0 0 
0 1.73205 0 0 
0 0 -1.10526 -1.05263 
0 0 -1 0 
000220.jpg
0.459292 0.871637 0.171173 0 
-0.5774 0.146515 0.803208 0 
0.675026 -0.467742 0.570576 -1.5 
0 0 0 1 
1.29904 0 0 0 
0 1.73205 0 0 
0 0 -1.10526 -1.05263 
0 0 -1 0 
000221.jpg
0.501508 0.848051 0.171173 0 
-0.569516 0.17467 0.803208 0 
0.651262 -0.500301 0.570576 -1.5 
0 0 0 1 
1.29904 0 0 0 
0 1.73205 0 0 
0 0 -1.10526 -1.05263 
0 0 -1 0 
000222.jpg
0.542516 0.822421 0.171173 0 
-0.560259 0.202405 0.803208 0 
0.625929 -0.531654 0.570576 -1.5 
0 0 0 1 
1.29904 0 0 0 
0 1.73205 0 0 
0 0 -1.10526 -1.05263 
0 0 -1 0 
000223.jpg
0.582217 0.794811 0.171173 0 
-0.549653 0.229651 0.803208 0 
0.599088 -0.561726 0.570576 -1.5 
0 0 0 1 
1.29904 0 0 0 
0 1.73205 0 0 
0 0 -1.10526 -1.05263 
0 0 -1 0 
000224.jpg
0.620515 0.765285 0.171173 0 
-0.537722 0.256345 0.803208 0 
0.570804 -0.590445 0.570576 -1.5 
0 0 0 1 
1.29904 0 0 0 
0 1.73205 0 0 
0 0 -1.10526 -1.05263 
0 0 -1 0 
000225.jpg
-0.0624742 0.981258 0.182292 0 
-0.607639 -0.182292 0.77301 0 
0.791753 -0.0624742 0.607639 -1.5 
0 0 0 1 
1.29904 0 0 0 
0 1.73205 0 0 
0 0 -1.10526 -1.05263 
0 0 -1 0 
000226.jpg
-0.0142509 0.983141 0.182292 0 
-0.615851 -0.152257 0.77301 0 
0.787734 -0.101248 0.607639 -1.5 
0 0 0 1 
1.29904 0 0 0 
0 1.73205 0 0 
0 0 -1.10526 -1.05263 
0 0 -1 0 
000227.jpg
