img0000.jpg
-4.37114e-08 1 0 0 
0 0 1 0 
1 4.37114e-08 -0 -1.5 
0 0 0 1 
1.29904 0 0 0 
0 1.73205 0 0 
0 0 -1.10526 -1.05263 
0 0 -1 0 
img0001.jpg
0.382683 0.92388 0 0 
0 0 1 0 
0.92388 -0.382683 -0 -1.5 
0 0 0 1 
1.29904 0 0 0 
0 1.73205 0 0 
0 0 -1.10526 -1.05263 
0 0 -1 0 
img0002.jpg
0.707107 0.707107 0 0 
0 0 1 0 
0.707107 -0.707107 -0 -1.5 
0 0 0 1 
1.29904 0 0 0 
0 1.73205 0 0 
0 0 -1.10526 -1.05263 
0 0 -1 0 
img0003.jpg
0.92388 0.382683 0 0 
0 0 1 0 
0.382683 -0.92388 -0 -1.5 
0 0 0 1 
1.29904 0 0 0 
0 1.73205 0 0 
0 0 -1.10526 -1.05263 
0 0 -1 0 
img0004.jpg
1 0 0 0 
0 0 1 0 
-0 -1 -0 -1.5 
0 0 0 1 
1.29904 0 0 0 
0 1.73205 0 0 
0 0 -1.10526 -1.05263 
0 0 -1 0 
img0005.jpg
0.92388 -0.382683 0 0 
0 0 1 0 
-0.382683 -0.92388 -0 -1.5 
0 0 0 1 
1.29904 0 0 0 
0 1.73205 0 0 
0 0 -1.10526 -1.05263 
0 0 -1 0 
img0006.jpg
0.707107 -0.707107 0 0 
0 0 1 0 
-0.707107 -0.707107 -0 -1.5 
0 0 0 1 
1.29904 0 0 0 
0 1.73205 0 0 
0 0 -1.10526 -1.05263 
0 0 -1 0 
img0007.jpg
0.382683 -0.92388 0 0 
0 0 1 0 
-0.92388 -0.382683 -0 -1.5 
0 0 0 1 
1.29904 0 0 0 
0 1.73205 0 0 
0 0 -1.10526 -1.05263 
0 0 -1 0 
img0008.jpg
-4.37114e-08 -1 0 0 
0 0 1 0 
-1 4.37114e-08 -0 -1.5 
0 0 0 1 
1.29904 0 0 0 
0 1.73205 0 0 
0 0 -1.10526 -1.05263 
0 0 -1 0 
img0009.jpg
-0.382683 -0.92388 0 0 
0 0 1 0 
-0.92388 0.382683 -0 -1.5 
0 0 0 1 
1.29904 0 0 0 
0 1.73205 0 0 
0 0 -1.10526 -1.05263 
0 0 -1 0 
img0010.jpg
-0.707107 -0.707107 0 0 
0 0 1 0 
-0.707107 0.707107 -0 -1.5 
0 0 0 1 
1.29904 0 0 0 
0 1.73205 0 0 
0 0 -1.10526 -1.05263 
0 0 -1 0 
img0011.jpg
-0.92388 -0.382683 0 0 
0 0 1 0 
-0.382683 0.92388 -0 -1.5 
0 0 0 1 
1.29904 0 0 0 
0 1.73205 0 0 
0 0 -1.10526 -1.05263 
0 0 -1 0 
img0012.jpg
-1 -1.50996e-07 0 0 
0 0 1 0 
-1.50996e-07 1 -0 -1.5 
0 0 0 1 
1.29904 0 0 0 
0 1.73205 0 0 
0 0 -1.10526 -1.05263 
0 0 -1 0 
img0013.jpg
-0.92388 0.382683 0 0 
0 0 1 0 
0.382683 0.92388 -0 -1.5 
0 0 0 1 
1.29904 0 0 0 
0 1.73205 0 0 
0 0 -1.10526 -1.05263 
0 0 -1 0 
img0014.jpg
-0.707107 0.707107 0 0 
0 0 1 0 
0.707107 0.707107 -0 -1.5 
0 0 0 1 
1.29904 0 0 0 
0 1.73205 0 0 
0 0 -1.10526 -1.05263 
0 0 -1 0 
img0015.jpg
-0.382684 0.92388 0 0 
0 0 1 0 
0.92388 0.382684 -0 -1.5 
0 0 0 1 
1.29904 0 0 0 
0 1.73205 0 0 
0 0 -1.10526 -1.05263 
0 0 -1 0 
img0016.jpg
-4.37114e-08 1 0 0 
-0.382683 -1.67276e-08 0.923879 0 
0.92388 4.03841e-08 0.382683 -1.5 
0 0 0 1 
1.29904 0 0 0 
0 1.73205 0 0 
0 0 -1.10526 -1.05263 
0 0 -1 0 
img0017.jpg
0.382683 0.92388 0 0 
-0.353553 0.146447 0.92388 0 
0.853553 -0.353553 0.382683 -1.5 
0 0 0 1 
1.29904 0 0 0 
0 1.73205 0 0 
0 0 -1.10526 -1.05263 
0 0 -1 0 
img0018.jpg
0.707107 0.707107 0 0 
-0.270598 0.270598 0.92388 0 
0.653282 -0.653282 0.382683 -1.5 
0 0 0 1 
1.29904 0 0 0 
0 1.73205 0 0 
0 0 -1.10526 -1.05263 
0 0 -1 0 
img0019.jpg
0.92388 0.382683 0 0 
-0.146447 0.353553 0.92388 0 
0.353553 -0.853553 0.382683 -1.5 
0 0 0 1 
1.29904 0 0 0 
0 1.73205 0 0 
0 0 -1.10526 -1.05263 
0 0 -1 0 
img0020.jpg
1 0 0 0 
0 0.382683 0.92388 0 
0 -0.92388 0.382683 -1.5 
0 0 0 1 
1.29904 0 0 0 
0 1.73205 0 0 
0 0 -1.10526 -1.05263 
0 0 -1 0 
img0021.jpg
0.92388 -0.382683 0 0 
0.146447 0.353553 0.92388 0 
-0.353553 -0.853553 0.382683 -1.5 
0 0 0 1 
1.29904 0 0 0 
0 1.73205 0 0 
0 0 -1.10526 -1.05263 
0 0 -1 0 
img0022.jpg
0.707107 -0.707107 0 0 
0.270598 0.270598 0.92388 0 
-0.653281 -0.653282 0.382683 -1.5 
0 0 0 1 
1.29904 0 0 0 
0 1.73205 0 0 
0 0 -1.10526 -1.05263 
0 0 -1 0 
img0023.jpg
0.382683 -0.92388 0 0 
0.353553 0.146447 0.92388 0 
-0.853553 -0.353553 0.382683 -1.5 
0 0 0 1 
1.29904 0 0 0 
0 1.73205 0 0 
0 0 -1.10526 -1.05263 
0 0 -1 0 
img0024.jpg
-4.37114e-08 -1 0 0 
0.382683 -1.67276e-08 0.923879 0 
-0.92388 4.03841e-08 0.382683 -1.5 
0 0 0 1 
1.29904 0 0 0 
0 1.73205 0 0 
0 0 -1.10526 -1.05263 
0 0 -1 0 
img0025.jpg
-0.382683 -0.92388 0 0 
0.353553 -0.146447 0.92388 0 
-0.853553 0.353553 0.382683 -1.5 
0 0 0 1 
1.29904 0 0 0 
0 1.73205 0 0 
0 0 -1.10526 -1.05263 
0 0 -1 0 
img0026.jpg
-0.707107 -0.707107 0 0 
0.270598 -0.270598 0.92388 0 
-0.653282 0.653282 0.382683 -1.5 
0 0 0 1 
1.29904 0 0 0 
0 1.73205 0 0 
0 0 -1.10526 -1.05263 
0 0 -1 0 
img0027.jpg
-0.92388 -0.382683 0 0 
0.146447 -0.353553 0.92388 0 
-0.353553 0.853553 0.382683 -1.5 
0 0 0 1 
1.29904 0 0 0 
0 1.73205 0 0 
0 0 -1.10526 -1.05263 
0 0 -1 0 
img0028.jpg
-1 -1.50996e-07 0 0 
5.77836e-08 -0.382683 0.92388 0 
-1.39502e-07 0.92388 0.382683 -1.5 
0 0 0 1 
1.29904 0 0 0 
0 1.73205 0 0 
0 0 -1.10526 -1.05263 
0 0 -1 0 
img0029.jpg
-0.92388 0.382683 0 0 
-0.146447 -0.353553 0.92388 0 
0.353553 0.853553 0.382683 -1.5 
0 0 0 1 
1.29904 0 0 0 
0 1.73205 0 0 
0 0 -1.10526 -1.05263 
0 0 -1 0 
img0030.jpg
-0.707107 0.707107 0 0 
-0.270598 -0.270598 0.923879 0 
0.653282 0.653281 0.382683 -1.5 
0 0 0 1 
1.29904 0 0 0 
0 1.73205 0 0 
0 0 -1.10526 -1.05263 
0 0 -1 0 
img0031.jpg
-0.382684 0.92388 0 0 
-0.353553 -0.146447 0.923879 0 
0.853553 0.353554 0.382683 -1.5 
0 0 0 1 
1.29904 0 0 0 
0 1.73205 0 0 
0 0 -1.10526 -1.05263 
0 0 -1 0 
img0032.jpg
-4.37114e-08 1 0 0 
-0.707107 -3.09086e-08 0.707107 0 
0.707107 3.09086e-08 0.707107 -1.5 
0 0 0 1 
1.29904 0 0 0 
0 1.73205 0 0 
0 0 -1.10526 -1.05263 
0 0 -1 0 
img0033.jpg
0.382683 0.92388 0 0 
-0.653282 0.270598 0.707107 0 
0.653282 -0.270598 0.707107 -1.5 
0 0 0 1 
1.29904 0 0 0 
0 1.73205 0 0 
0 0 -1.10526 -1.05263 
0 0 -1 0 
img0034.jpg
0.707107 0.707107 0 0 
-0.5 0.5 0.707107 0 
0.5 -0.5 0.707107 -1.5 
0 0 0 1 
1.29904 0 0 0 
0 1.73205 0 0 
0 0 -1.10526 -1.05263 
0 0 -1 0 
img0035.jpg
0.92388 0.382683 0 0 
-0.270598 0.653282 0.707107 0 
0.270598 -0.653282 0.707107 -1.5 
0 0 0 1 
1.29904 0 0 0 
0 1.73205 0 0 
0 0 -1.10526 -1.05263 
0 0 -1 0 
img0036.jpg
1 0 0 0 
0 0.707107 0.707107 0 
0 -0.707107 0.707107 -1.5 
0 0 0 1 
1.29904 0 0 0 
0 1.73205 0 0 
0 0 -1.10526 -1.05263 
0 0 -1 0 
img0037.jpg
0.92388 -0.382683 0 0 
0.270598 0.653282 0.707107 0 
-0.270598 -0.653282 0.707107 -1.5 
0 0 0 1 
1.29904 0 0 0 
0 1.73205 0 0 
0 0 -1.10526 -1.05263 
0 0 -1 0 
img0038.jpg
0.707107 -0.707107 0 0 
0.5 0.5 0.707107 0 
-0.5 -0.5 0.707107 -1.5 
0 0 0 1 
1.29904 0 0 0 
0 1.73205 0 0 
0 0 -1.10526 -1.05263 
0 0 -1 0 
img0039.jpg
0.382683 -0.92388 0 0 
0.653282 0.270598 0.707107 0 
-0.653282 -0.270598 0.707107 -1.5 
0 0 0 1 
1.29904 0 0 0 
0 1.73205 0 0 
0 0 -1.10526 -1.05263 
0 0 -1 0 
img0040.jpg
-4.37114e-08 -1 0 0 
0.707107 -3.09086e-08 0.707107 0 
-0.707107 3.09086e-08 0.707107 -1.5 
0 0 0 1 
1.29904 0 0 0 
0 1.73205 0 0 
0 0 -1.10526 -1.05263 
0 0 -1 0 
img0041.jpg
-0.382683 -0.92388 0 0 
0.653282 -0.270598 0.707107 0 
-0.653282 0.270598 0.707107 -1.5 
0 0 0 1 
1.29904 0 0 0 
0 1.73205 0 0 
0 0 -1.10526 -1.05263 
0 0 -1 0 
img0042.jpg
-0.707107 -0.707107 0 0 
0.5 -0.5 0.707107 0 
-0.5 0.5 0.707107 -1.5 
0 0 0 1 
1.29904 0 0 0 
0 1.73205 0 0 
0 0 -1.10526 -1.05263 
0 0 -1 0 
img0043.jpg
-0.92388 -0.382683 0 0 
0.270598 -0.653282 0.707107 0 
-0.270598 0.653282 0.707107 -1.5 
0 0 0 1 
1.29904 0 0 0 
0 1.73205 0 0 
0 0 -1.10526 -1.05263 
0 0 -1 0 
img0044.jpg
-1 -1.50996e-07 0 0 
1.0677e-07 -0.707107 0.707107 0 
-1.0677e-07 0.707107 0.707107 -1.5 
0 0 0 1 
1.29904 0 0 0 
0 1.73205 0 0 
0 0 -1.10526 -1.05263 
0 0 -1 0 
img0045.jpg
-0.92388 0.382683 0 0 
-0.270598 -0.653282 0.707107 0 
0.270598 0.653282 0.707107 -1.5 
0 0 0 1 
1.29904 0 0 0 
0 1.73205 0 0 
0 0 -1.10526 -1.05263 
0 0 -1 0 
img0046.jpg
-0.707107 0.707107 0 0 
-0.5 -0.5 0.707107 0 
0.5 0.5 0.707107 -1.5 
0 0 0 1 
1.29904 0 0 0 
0 1.73205 0 0 
0 0 -1.10526 -1.05263 
0 0 -1 0 
img0047.jpg
-0.382684 0.92388 0 0 
-0.653281 -0.270598 0.707107 0 
0.653281 0.270598 0.707107 -1.5 
0 0 0 1 
1.29904 0 0 0 
0 1.73205 0 0 
0 0 -1.10526 -1.05263 
0 0 -1 0 
img0048.jpg
-4.37114e-08 1 0 0 
-0.92388 -4.03841e-08 0.382683 0 
0.382683 1.67276e-08 0.92388 -1.5 
0 0 0 1 
1.29904 0 0 0 
0 1.73205 0 0 
0 0 -1.10526 -1.05263 
0 0 -1 0 
img0049.jpg
0.382683 0.92388 0 0 
-0.853553 0.353553 0.382683 0 
0.353553 -0.146447 0.92388 -1.5 
0 0 0 1 
1.29904 0 0 0 
0 1.73205 0 0 
0 0 -1.10526 -1.05263 
0 0 -1 0 
img0050.jpg
0.707107 0.707107 0 0 
-0.653282 0.653282 0.382683 0 
0.270598 -0.270598 0.92388 -1.5 
0 0 0 1 
1.29904 0 0 0 
0 1.73205 0 0 
0 0 -1.10526 -1.05263 
0 0 -1 0 
img0051.jpg
0.92388 0.382683 0 0 
-0.353553 0.853553 0.382683 0 
0.146447 -0.353553 0.92388 -1.5 
0 0 0 1 
1.29904 0 0 0 
0 1.73205 0 0 
0 0 -1.10526 -1.05263 
0 0 -1 0 
img0052.jpg
1 0 0 0 
0 0.92388 0.382683 0 
0 -0.382683 0.92388 -1.5 
0 0 0 1 
1.29904 0 0 0 
0 1.73205 0 0 
0 0 -1.10526 -1.05263 
0 0 -1 0 
img0053.jpg
0.92388 -0.382683 0 0 
0.353553 0.853553 0.382683 0 
-0.146447 -0.353553 0.92388 -1.5 
0 0 0 1 
1.29904 0 0 0 
0 1.73205 0 0 
0 0 -1.10526 -1.05263 
0 0 -1 0 
img0054.jpg
0.707107 -0.707107 0 0 
0.653281 0.653282 0.382683 0 
-0.270598 -0.270598 0.92388 -1.5 
0 0 0 1 
1.29904 0 0 0 
0 1.73205 0 0 
0 0 -1.10526 -1.05263 
0 0 -1 0 
img0055.jpg
0.382683 -0.92388 0 0 
0.853553 0.353553 0.382683 0 
-0.353553 -0.146447 0.92388 -1.5 
0 0 0 1 
1.29904 0 0 0 
0 1.73205 0 0 
0 0 -1.10526 -1.05263 
0 0 -1 0 
img0056.jpg
-4.37114e-08 -1 0 0 
0.92388 -4.03841e-08 0.382683 0 
-0.382683 1.67276e-08 0.92388 -1.5 
0 0 0 1 
1.29904 0 0 0 
0 1.73205 0 0 
0 0 -1.10526 -1.05263 
0 0 -1 0 
img0057.jpg
-0.382683 -0.92388 0 0 
0.853553 -0.353553 0.382683 0 
-0.353553 0.146447 0.92388 -1.5 
0 0 0 1 
1.29904 0 0 0 
0 1.73205 0 0 
0 0 -1.10526 -1.05263 
0 0 -1 0 
img0058.jpg
-0.707107 -0.707107 0 0 
0.653282 -0.653282 0.382683 0 
-0.270598 0.270598 0.92388 -1.5 
0 0 0 1 
1.29904 0 0 0 
0 1.73205 0 0 
0 0 -1.10526 -1.05263 
0 0 -1 0 
img0059.jpg
-0.92388 -0.382683 0 0 
0.353553 -0.853553 0.382683 0 
-0.146447 0.353553 0.92388 -1.5 
0 0 0 1 
1.29904 0 0 0 
0 1.73205 0 0 
0 0 -1.10526 -1.05263 
0 0 -1 0 
img0060.jpg
-1 -1.50996e-07 0 0 
1.39502e-07 -0.92388 0.382683 0 
-5.77836e-08 0.382683 0.92388 -1.5 
0 0 0 1 
1.29904 0 0 0 
0 1.73205 0 0 
0 0 -1.10526 -1.05263 
0 0 -1 0 
img0061.jpg
-0.92388 0.382683 0 0 
-0.353553 -0.853553 0.382683 0 
0.146447 0.353553 0.92388 -1.5 
0 0 0 1 
1.29904 0 0 0 
0 1.73205 0 0 
0 0 -1.10526 -1.05263 
0 0 -1 0 
img0062.jpg
-0.707107 0.707107 0 0 
-0.653282 -0.653281 0.382683 0 
0.270598 0.270598 0.923879 -1.5 
0 0 0 1 
1.29904 0 0 0 
0 1.73205 0 0 
0 0 -1.10526 -1.05263 
0 0 -1 0 
img0063.jpg
-0.382684 0.92388 0 0 
-0.853553 -0.353554 0.382683 0 
0.353553 0.146447 0.923879 -1.5 
0 0 0 1 
1.29904 0 0 0 
0 1.73205 0 0 
0 0 -1.10526 -1.05263 
0 0 -1 0 
img0064.jpg
-4.37114e-08 1 0 0 
-1 -4.37114e-08 -4.37114e-08 0 
-4.37114e-08 -1.91069e-15 1 -1.5 
0 0 0 1 
1.29904 0 0 0 
0 1.73205 0 0 
0 0 -1.10526 -1.05263 
0 0 -1 0 
img0065.jpg
0.382683 0.92388 0 0 
-0.92388 0.382683 -4.37114e-08 0 
-4.03841e-08 1.67276e-08 1 -1.5 
0 0 0 1 
1.29904 0 0 0 
0 1.73205 0 0 
0 0 -1.10526 -1.05263 
0 0 -1 0 
img0066.jpg
0.707107 0.707107 0 0 
-0.707107 0.707107 -4.37114e-08 0 
-3.09086e-08 3.09086e-08 1 -1.5 
0 0 0 1 
1.29904 0 0 0 
0 1.73205 0 0 
0 0 -1.10526 -1.05263 
0 0 -1 0 
img0067.jpg
0.92388 0.382683 0 0 
-0.382683 0.92388 -4.37114e-08 0 
-1.67276e-08 4.03841e-08 1 -1.5 
0 0 0 1 
1.29904 0 0 0 
0 1.73205 0 0 
0 0 -1.10526 -1.05263 
0 0 -1 0 
img0068.jpg
1 0 0 0 
0 1 -4.37114e-08 0 
0 4.37114e-08 1 -1.5 
0 0 0 1 
1.29904 0 0 0 
0 1.73205 0 0 
0 0 -1.10526 -1.05263 
0 0 -1 0 
img0069.jpg
0.92388 -0.382683 0 0 
0.382683 0.92388 -4.37114e-08 0 
1.67276e-08 4.03841e-08 1 -1.5 
0 0 0 1 
1.29904 0 0 0 
0 1.73205 0 0 
0 0 -1.10526 -1.05263 
0 0 -1 0 
img0070.jpg
0.707107 -0.707107 0 0 
0.707107 0.707107 -4.37114e-08 0 
3.09086e-08 3.09086e-08 1 -1.5 
0 0 0 1 
1.29904 0 0 0 
0 1.73205 0 0 
0 0 -1.10526 -1.05263 
0 0 -1 0 
img0071.jpg
0.382683 -0.92388 0 0 
0.92388 0.382683 -4.37114e-08 0 
4.03841e-08 1.67276e-08 1 -1.5 
0 0 0 1 
1.29904 0 0 0 
0 1.73205 0 0 
0 0 -1.10526 -1.05263 
0 0 -1 0 
img0072.jpg
-4.37114e-08 -1 0 0 
1 -4.37114e-08 -4.37114e-08 0 
4.37114e-08 -1.91069e-15 1 -1.5 
0 0 0 1 
1.29904 0 0 0 
0 1.73205 0 0 
0 0 -1.10526 -1.05263 
0 0 -1 0 
img0073.jpg
-0.382683 -0.92388 0 0 
0.92388 -0.382683 -4.37114e-08 0 
4.03841e-08 -1.67276e-08 1 -1.5 
0 0 0 1 
1.29904 0 0 0 
0 1.73205 0 0 
0 0 -1.10526 -1.05263 
0 0 -1 0 
img0074.jpg
-0.707107 -0.707107 0 0 
0.707107 -0.707107 -4.37114e-08 0 
3.09086e-08 -3.09086e-08 1 -1.5 
0 0 0 1 
1.29904 0 0 0 
0 1.73205 0 0 
0 0 -1.10526 -1.05263 
0 0 -1 0 
img0075.jpg
-0.92388 -0.382683 0 0 
0.382683 -0.92388 -4.37114e-08 0 
1.67276e-08 -4.03841e-08 1 -1.5 
0 0 0 1 
1.29904 0 0 0 
0 1.73205 0 0 
0 0 -1.10526 -1.05263 
0 0 -1 0 
img0076.jpg
-1 -1.50996e-07 0 0 
1.50996e-07 -1 -4.37114e-08 0 
6.60024e-15 -4.37114e-08 1 -1.5 
0 0 0 1 
1.29904 0 0 0 
0 1.73205 0 0 
0 0 -1.10526 -1.05263 
0 0 -1 0 
img0077.jpg
-0.92388 0.382683 0 0 
-0.382683 -0.92388 -4.37114e-08 0 
-1.67276e-08 -4.03841e-08 1 -1.5 
0 0 0 1 
1.29904 0 0 0 
0 1.73205 0 0 
0 0 -1.10526 -1.05263 
0 0 -1 0 
img0078.jpg
-0.707107 0.707107 0 0 
-0.707107 -0.707107 -4.37114e-08 0 
-3.09086e-08 -3.09086e-08 1 -1.5 
0 0 0 1 
1.29904 0 0 0 
0 1.73205 0 0 
0 0 -1.10526 -1.05263 
0 0 -1 0 
img0079.jpg
-0.382684 0.923879 0 0 
-0.92388 -0.382684 -4.37114e-08 0 
-4.03841e-08 -1.67276e-08 1 -1.5 
0 0 0 1 
1.29904 0 0 0 
0 1.73205 0 0 
0 0 -1.10526 -1.05263 
0 0 -1 0 
img0080.jpg
-4.37114e-08 1 0 0 
-0.92388 -4.03841e-08 -0.382683 0 
-0.382684 -1.67276e-08 0.923879 -1.5 
0 0 0 1 
1.29904 0 0 0 
0 1.73205 0 0 
0 0 -1.10526 -1.05263 
0 0 -1 0 
img0081.jpg
0.382683 0.92388 0 0 
-0.853553 0.353553 -0.382684 0 
-0.353553 0.146447 0.92388 -1.5 
0 0 0 1 
1.29904 0 0 0 
0 1.73205 0 0 
0 0 -1.10526 -1.05263 
0 0 -1 0 
img0082.jpg
0.707107 0.707107 0 0 
-0.653281 0.653281 -0.382684 0 
-0.270598 0.270598 0.92388 -1.5 
0 0 0 1 
1.29904 0 0 0 
0 1.73205 0 0 
0 0 -1.10526 -1.05263 
0 0 -1 0 
img0083.jpg
0.92388 0.382683 0 0 
-0.353553 0.853553 -0.382684 0 
-0.146447 0.353553 0.92388 -1.5 
0 0 0 1 
1.29904 0 0 0 
0 1.73205 0 0 
0 0 -1.10526 -1.05263 
0 0 -1 0 
img0084.jpg
1 0 0 0 
0 0.92388 -0.382684 0 
0 0.382684 0.92388 -1.5 
0 0 0 1 
1.29904 0 0 0 
0 1.73205 0 0 
0 0 -1.10526 -1.05263 
0 0 -1 0 
img0085.jpg
0.92388 -0.382683 0 0 
0.353553 0.853553 -0.382684 0 
0.146447 0.353553 0.92388 -1.5 
0 0 0 1 
1.29904 0 0 0 
0 1.73205 0 0 
0 0 -1.10526 -1.05263 
0 0 -1 0 
img0086.jpg
0.707107 -0.707107 0 0 
0.653281 0.653282 -0.382684 0 
0.270598 0.270598 0.92388 -1.5 
0 0 0 1 
1.29904 0 0 0 
0 1.73205 0 0 
0 0 -1.10526 -1.05263 
0 0 -1 0 
img0087.jpg
0.382683 -0.92388 0 0 
0.853553 0.353553 -0.382684 0 
0.353553 0.146447 0.92388 -1.5 
0 0 0 1 
1.29904 0 0 0 
0 1.73205 0 0 
0 0 -1.10526 -1.05263 
0 0 -1 0 
img0088.jpg
-4.37114e-08 -1 0 0 
0.92388 -4.03841e-08 -0.382683 0 
0.382684 -1.67276e-08 0.923879 -1.5 
0 0 0 1 
1.29904 0 0 0 
0 1.73205 0 0 
0 0 -1.10526 -1.05263 
0 0 -1 0 
img0089.jpg
-0.382683 -0.92388 0 0 
0.853553 -0.353553 -0.382684 0 
0.353553 -0.146447 0.92388 -1.5 
0 0 0 1 
1.29904 0 0 0 
0 1.73205 0 0 
0 0 -1.10526 -1.05263 
0 0 -1 0 
img0090.jpg
-0.707107 -0.707107 0 0 
0.653281 -0.653281 -0.382684 0 
0.270598 -0.270598 0.92388 -1.5 
0 0 0 1 
1.29904 0 0 0 
0 1.73205 0 0 
0 0 -1.10526 -1.05263 
0 0 -1 0 
img0091.jpg
-0.92388 -0.382683 0 0 
0.353553 -0.853553 -0.382684 0 
0.146447 -0.353554 0.92388 -1.5 
0 0 0 1 
1.29904 0 0 0 
0 1.73205 0 0 
0 0 -1.10526 -1.05263 
0 0 -1 0 
img0092.jpg
-1 -1.50996e-07 0 0 
1.39502e-07 -0.92388 -0.382684 0 
5.77836e-08 -0.382684 0.92388 -1.5 
0 0 0 1 
1.29904 0 0 0 
0 1.73205 0 0 
0 0 -1.10526 -1.05263 
0 0 -1 0 
img0093.jpg
-0.92388 0.382683 0 0 
-0.353553 -0.853553 -0.382684 0 
-0.146447 -0.353553 0.92388 -1.5 
0 0 0 1 
1.29904 0 0 0 
0 1.73205 0 0 
0 0 -1.10526 -1.05263 
0 0 -1 0 
img0094.jpg
-0.707107 0.707107 0 0 
-0.653282 -0.653281 -0.382683 0 
-0.270598 -0.270598 0.923879 -1.5 
0 0 0 1 
1.29904 0 0 0 
0 1.73205 0 0 
0 0 -1.10526 -1.05263 
0 0 -1 0 
img0095.jpg
-0.382684 0.92388 0 0 
-0.853553 -0.353554 -0.382683 0 
-0.353553 -0.146447 0.923879 -1.5 
0 0 0 1 
1.29904 0 0 0 
0 1.73205 0 0 
0 0 -1.10526 -1.05263 
0 0 -1 0 
img0096.jpg
-4.37114e-08 1 0 0 
-0.707107 -3.09086e-08 -0.707107 0 
-0.707107 -3.09086e-08 0.707107 -1.5 
0 0 0 1 
1.29904 0 0 0 
0 1.73205 0 0 
0 0 -1.10526 -1.05263 
0 0 -1 0 
img0097.jpg
0.382683 0.92388 0 0 
-0.653282 0.270598 -0.707107 0 
-0.653282 0.270598 0.707107 -1.5 
0 0 0 1 
1.29904 0 0 0 
0 1.73205 0 0 
0 0 -1.10526 -1.05263 
0 0 -1 0 
img0098.jpg
0.707107 0.707107 0 0 
-0.5 0.5 -0.707107 0 
-0.5 0.5 0.707107 -1.5 
0 0 0 1 
1.29904 0 0 0 
0 1.73205 0 0 
0 0 -1.10526 -1.05263 
0 0 -1 0 
img0099.jpg
0.92388 0.382683 0 0 
-0.270598 0.653282 -0.707107 0 
-0.270598 0.653282 0.707107 -1.5 
0 0 0 1 
1.29904 0 0 0 
0 1.73205 0 0 
0 0 -1.10526 -1.05263 
0 0 -1 0 
img0100.jpg
1 0 0 0 
0 0.707107 -0.707107 0 
0 0.707107 0.707107 -1.5 
0 0 0 1 
1.29904 0 0 0 
0 1.73205 0 0 
0 0 -1.10526 -1.05263 
0 0 -1 0 
img0101.jpg
0.92388 -0.382683 0 0 
0.270598 0.653282 -0.707107 0 
0.270598 0.653282 0.707107 -1.5 
0 0 0 1 
1.29904 0 0 0 
0 1.73205 0 0 
0 0 -1.10526 -1.05263 
0 0 -1 0 
img0102.jpg
0.707107 -0.707107 0 0 
0.5 0.5 -0.707107 0 
0.5 0.5 0.707107 -1.5 
0 0 0 1 
1.29904 0 0 0 
0 1.73205 0 0 
0 0 -1.10526 -1.05263 
0 0 -1 0 
img0103.jpg
0.382683 -0.92388 0 0 
0.653282 0.270598 -0.707107 0 
0.653282 0.270598 0.707107 -1.5 
0 0 0 1 
1.29904 0 0 0 
0 1.73205 0 0 
0 0 -1.10526 -1.05263 
0 0 -1 0 
img0104.jpg
-4.37114e-08 -1 0 0 
0.707107 -3.09086e-08 -0.707107 0 
0.707107 -3.09086e-08 0.707107 -1.5 
0 0 0 1 
1.29904 0 0 0 
0 1.73205 0 0 
0 0 -1.10526 -1.05263 
0 0 -1 0 
img0105.jpg
-0.382683 -0.92388 0 0 
0.653282 -0.270598 -0.707107 0 
0.653282 -0.270598 0.707107 -1.5 
0 0 0 1 
1.29904 0 0 0 
0 1.73205 0 0 
0 0 -1.10526 -1.05263 
0 0 -1 0 
img0106.jpg
-0.707107 -0.707107 0 0 
0.5 -0.5 -0.707107 0 
0.5 -0.5 0.707107 -1.5 
0 0 0 1 
1.29904 0 0 0 
0 1.73205 0 0 
0 0 -1.10526 -1.05263 
0 0 -1 0 
img0107.jpg
-0.92388 -0.382683 0 0 
0.270598 -0.653282 -0.707107 0 
0.270598 -0.653282 0.707107 -1.5 
0 0 0 1 
1.29904 0 0 0 
0 1.73205 0 0 
0 0 -1.10526 -1.05263 
0 0 -1 0 
img0108.jpg
-1 -1.50996e-07 0 0 
1.0677e-07 -0.707107 -0.707107 0 
1.0677e-07 -0.707107 0.707107 -1.5 
0 0 0 1 
1.29904 0 0 0 
0 1.73205 0 0 
0 0 -1.10526 -1.05263 
0 0 -1 0 
img0109.jpg
-0.92388 0.382683 0 0 
-0.270598 -0.653282 -0.707107 0 
-0.270598 -0.653282 0.707107 -1.5 
0 0 0 1 
1.29904 0 0 0 
0 1.73205 0 0 
0 0 -1.10526 -1.05263 
0 0 -1 0 
img0110.jpg
-0.707107 0.707107 0 0 
-0.5 -0.5 -0.707107 0 
-0.5 -0.5 0.707107 -1.5 
0 0 0 1 
1.29904 0 0 0 
0 1.73205 0 0 
0 0 -1.10526 -1.05263 
0 0 -1 0 
img0111.jpg
-0.382684 0.92388 0 0 
-0.653281 -0.270598 -0.707107 0 
-0.653281 -0.270598 0.707107 -1.5 
0 0 0 1 
1.29904 0 0 0 
0 1.73205 0 0 
0 0 -1.10526 -1.05263 
0 0 -1 0 
img0112.jpg
-4.37114e-08 1 0 0 
-0.382683 -1.67276e-08 -0.92388 0 
-0.92388 -4.03841e-08 0.382683 -1.5 
0 0 0 1 
1.29904 0 0 0 
0 1.73205 0 0 
0 0 -1.10526 -1.05263 
0 0 -1 0 
img0113.jpg
0.382683 0.92388 0 0 
-0.353553 0.146447 -0.92388 0 
-0.853553 0.353553 0.382683 -1.5 
0 0 0 1 
1.29904 0 0 0 
0 1.73205 0 0 
0 0 -1.10526 -1.05263 
0 0 -1 0 
img0114.jpg
0.707107 0.707107 0 0 
-0.270598 0.270598 -0.92388 0 
-0.653282 0.653282 0.382683 -1.5 
0 0 0 1 
1.29904 0 0 0 
0 1.73205 0 0 
0 0 -1.10526 -1.05263 
0 0 -1 0 
img0115.jpg
0.92388 0.382683 0 0 
-0.146447 0.353553 -0.92388 0 
-0.353553 0.853553 0.382683 -1.5 
0 0 0 1 
1.29904 0 0 0 
0 1.73205 0 0 
0 0 -1.10526 -1.05263 
0 0 -1 0 
img0116.jpg
1 0 0 0 
0 0.382683 -0.92388 0 
0 0.92388 0.382683 -1.5 
0 0 0 1 
1.29904 0 0 0 
0 1.73205 0 0 
0 0 -1.10526 -1.05263 
0 0 -1 0 
img0117.jpg
0.92388 -0.382683 0 0 
0.146447 0.353553 -0.92388 0 
0.353553 0.853553 0.382683 -1.5 
0 0 0 1 
1.29904 0 0 0 
0 1.73205 0 0 
0 0 -1.10526 -1.05263 
0 0 -1 0 
img0118.jpg
0.707107 -0.707107 0 0 
0.270598 0.270598 -0.92388 0 
0.653282 0.653282 0.382683 -1.5 
0 0 0 1 
1.29904 0 0 0 
0 1.73205 0 0 
0 0 -1.10526 -1.05263 
0 0 -1 0 
img0119.jpg
0.382683 -0.92388 0 0 
0.353553 0.146447 -0.92388 0 
0.853554 0.353553 0.382683 -1.5 
0 0 0 1 
1.29904 0 0 0 
0 1.73205 0 0 
0 0 -1.10526 -1.05263 
0 0 -1 0 
img0120.jpg
-4.37114e-08 -1 0 0 
0.382683 -1.67276e-08 -0.92388 0 
0.92388 -4.03841e-08 0.382683 -1.5 
0 0 0 1 
1.29904 0 0 0 
0 1.73205 0 0 
0 0 -1.10526 -1.05263 
0 0 -1 0 
img0121.jpg
-0.382683 -0.92388 0 0 
0.353553 -0.146447 -0.92388 0 
0.853553 -0.353553 0.382683 -1.5 
0 0 0 1 
1.29904 0 0 0 
0 1.73205 0 0 
0 0 -1.10526 -1.05263 
0 0 -1 0 
img0122.jpg
-0.707107 -0.707107 0 0 
0.270598 -0.270598 -0.92388 0 
0.653282 -0.653282 0.382683 -1.5 
0 0 0 1 
1.29904 0 0 0 
0 1.73205 0 0 
0 0 -1.10526 -1.05263 
0 0 -1 0 
img0123.jpg
-0.92388 -0.382683 0 0 
0.146446 -0.353553 -0.92388 0 
0.353553 -0.853554 0.382683 -1.5 
0 0 0 1 
1.29904 0 0 0 
0 1.73205 0 0 
0 0 -1.10526 -1.05263 
0 0 -1 0 
img0124.jpg
-1 -1.50996e-07 0 0 
5.77836e-08 -0.382683 -0.92388 0 
1.39502e-07 -0.92388 0.382683 -1.5 
0 0 0 1 
1.29904 0 0 0 
0 1.73205 0 0 
0 0 -1.10526 -1.05263 
0 0 -1 0 
img0125.jpg
-0.92388 0.382683 0 0 
-0.146447 -0.353553 -0.92388 0 
-0.353553 -0.853554 0.382683 -1.5 
0 0 0 1 
1.29904 0 0 0 
0 1.73205 0 0 
0 0 -1.10526 -1.05263 
0 0 -1 0 
img0126.jpg
-0.707107 0.707107 0 0 
-0.270598 -0.270598 -0.92388 0 
-0.653282 -0.653281 0.382683 -1.5 
0 0 0 1 
1.29904 0 0 0 
0 1.73205 0 0 
0 0 -1.10526 -1.05263 
0 0 -1 0 
img0127.jpg
-0.382684 0.92388 0 0 
-0.353553 -0.146447 -0.92388 0 
-0.853553 -0.353554 0.382683 -1.5 
0 0 0 1 
1.29904 0 0 0 
0 1.73205 0 0 
0 0 -1.10526 -1.05263 
0 0 -1 0 
img0128.jpg
-4.37114e-08 1 0 0 
8.74228e-08 3.82137e-15 -1 0 
-1 -4.37114e-08 -8.74228e-08 -1.5 
0 0 0 1 
1.29904 0 0 0 
0 1.73205 0 0 
0 0 -1.10526 -1.05263 
0 0 -1 0 
img0129.jpg
0.382683 0.92388 0 0 
8.07681e-08 -3.34553e-08 -1 0 
-0.92388 0.382683 -8.74228e-08 -1.5 
0 0 0 1 
1.29904 0 0 0 
0 1.73205 0 0 
0 0 -1.10526 -1.05263 
0 0 -1 0 
img0130.jpg
0.707107 0.707107 0 0 
6.18172e-08 -6.18172e-08 -1 0 
-0.707107 0.707107 -8.74228e-08 -1.5 
0 0 0 1 
1.29904 0 0 0 
0 1.73205 0 0 
0 0 -1.10526 -1.05263 
0 0 -1 0 
img0131.jpg
0.92388 0.382683 0 0 
3.34553e-08 -8.07681e-08 -1 0 
-0.382683 0.92388 -8.74228e-08 -1.5 
0 0 0 1 
1.29904 0 0 0 
0 1.73205 0 0 
0 0 -1.10526 -1.05263 
0 0 -1 0 
img0132.jpg
1 0 0 0 
0 -8.74228e-08 -1 0 
0 1 -8.74228e-08 -1.5 
0 0 0 1 
1.29904 0 0 0 
0 1.73205 0 0 
0 0 -1.10526 -1.05263 
0 0 -1 0 
img0133.jpg
0.92388 -0.382683 0 0 
-3.34553e-08 -8.07681e-08 -1 0 
0.382683 0.92388 -8.74228e-08 -1.5 
0 0 0 1 
1.29904 0 0 0 
0 1.73205 0 0 
0 0 -1.10526 -1.05263 
0 0 -1 0 
img0134.jpg
0.707107 -0.707107 0 0 
-6.18172e-08 -6.18172e-08 -1 0 
0.707107 0.707107 -8.74228e-08 -1.5 
0 0 0 1 
1.29904 0 0 0 
0 1.73205 0 0 
0 0 -1.10526 -1.05263 
0 0 -1 0 
img0135.jpg
0.382683 -0.92388 0 0 
-8.07681e-08 -3.34552e-08 -1 0 
0.92388 0.382683 -8.74228e-08 -1.5 
0 0 0 1 
1.29904 0 0 0 
0 1.73205 0 0 
0 0 -1.10526 -1.05263 
0 0 -1 0 
img0136.jpg
-4.37114e-08 -1 0 0 
-8.74228e-08 3.82137e-15 -1 0 
1 -4.37114e-08 -8.74228e-08 -1.5 
0 0 0 1 
1.29904 0 0 0 
0 1.73205 0 0 
0 0 -1.10526 -1.05263 
0 0 -1 0 
img0137.jpg
-0.382683 -0.92388 0 0 
-8.07681e-08 3.34552e-08 -1 0 
0.92388 -0.382683 -8.74228e-08 -1.5 
0 0 0 1 
1.29904 0 0 0 
0 1.73205 0 0 
0 0 -1.10526 -1.05263 
0 0 -1 0 
img0138.jpg
-0.707107 -0.707107 0 0 
-6.18172e-08 6.18172e-08 -1 0 
0.707107 -0.707107 -8.74228e-08 -1.5 
0 0 0 1 
1.29904 0 0 0 
0 1.73205 0 0 
0 0 -1.10526 -1.05263 
0 0 -1 0 
img0139.jpg
-0.92388 -0.382683 0 0 
-3.34552e-08 8.07681e-08 -1 0 
0.382683 -0.92388 -8.74228e-08 -1.5 
0 0 0 1 
1.29904 0 0 0 
0 1.73205 0 0 
0 0 -1.10526 -1.05263 
0 0 -1 0 
img0140.jpg
-1 -1.50996e-07 0 0 
-1.32005e-14 8.74228e-08 -1 0 
1.50996e-07 -1 -8.74228e-08 -1.5 
0 0 0 1 
1.29904 0 0 0 
0 1.73205 0 0 
0 0 -1.10526 -1.05263 
0 0 -1 0 
img0141.jpg
-0.92388 0.382683 0 0 
3.34553e-08 8.07681e-08 -1 0 
-0.382683 -0.92388 -8.74228e-08 -1.5 
0 0 0 1 
1.29904 0 0 0 
0 1.73205 0 0 
0 0 -1.10526 -1.05263 
0 0 -1 0 
img0142.jpg
-0.707107 0.707107 0 0 
6.18172e-08 6.18172e-08 -1 0 
-0.707107 -0.707107 -8.74228e-08 -1.5 
0 0 0 1 
1.29904 0 0 0 
0 1.73205 0 0 
0 0 -1.10526 -1.05263 
0 0 -1 0 
img0143.jpg
-0.382684 0.92388 0 0 
8.07681e-08 3.34553e-08 -1 0 
-0.92388 -0.382684 -8.74228e-08 -1.5 
0 0 0 1 
1.29904 0 0 0 
0 1.73205 0 0 
0 0 -1.10526 -1.05263 
0 0 -1 0 
img0144.jpg
-4.37114e-08 1 0 0 
0.382683 1.67276e-08 -0.92388 0 
-0.92388 -4.03841e-08 -0.382683 -1.5 
0 0 0 1 
1.29904 0 0 0 
0 1.73205 0 0 
0 0 -1.10526 -1.05263 
0 0 -1 0 
img0145.jpg
0.382683 0.92388 0 0 
0.353553 -0.146447 -0.92388 0 
-0.853553 0.353553 -0.382683 -1.5 
0 0 0 1 
1.29904 0 0 0 
0 1.73205 0 0 
0 0 -1.10526 -1.05263 
0 0 -1 0 
img0146.jpg
0.707107 0.707107 0 0 
0.270598 -0.270598 -0.92388 0 
-0.653282 0.653282 -0.382683 -1.5 
0 0 0 1 
1.29904 0 0 0 
0 1.73205 0 0 
0 0 -1.10526 -1.05263 
0 0 -1 0 
img0147.jpg
0.92388 0.382683 0 0 
0.146447 -0.353553 -0.92388 0 
-0.353553 0.853553 -0.382683 -1.5 
0 0 0 1 
1.29904 0 0 0 
0 1.73205 0 0 
0 0 -1.10526 -1.05263 
0 0 -1 0 
img0148.jpg
1 0 0 0 
0 -0.382683 -0.92388 0 
0 0.92388 -0.382683 -1.5 
0 0 0 1 
1.29904 0 0 0 
0 1.73205 0 0 
0 0 -1.10526 -1.05263 
0 0 -1 0 
img0149.jpg
0.92388 -0.382683 0 0 
-0.146447 -0.353553 -0.92388 0 
0.353553 0.853553 -0.382683 -1.5 
0 0 0 1 
1.29904 0 0 0 
0 1.73205 0 0 
0 0 -1.10526 -1.05263 
0 0 -1 0 
img0150.jpg
0.707107 -0.707107 0 0 
-0.270598 -0.270598 -0.92388 0 
0.653281 0.653282 -0.382683 -1.5 
0 0 0 1 
1.29904 0 0 0 
0 1.73205 0 0 
0 0 -1.10526 -1.05263 
0 0 -1 0 
img0151.jpg
0.382683 -0.92388 0 0 
-0.353553 -0.146447 -0.92388 0 
0.853553 0.353553 -0.382683 -1.5 
0 0 0 1 
1.29904 0 0 0 
0 1.73205 0 0 
0 0 -1.10526 -1.05263 
0 0 -1 0 
img0152.jpg
-4.37114e-08 -1 0 0 
-0.382683 1.67276e-08 -0.92388 0 
0.92388 -4.03841e-08 -0.382683 -1.5 
0 0 0 1 
1.29904 0 0 0 
0 1.73205 0 0 
0 0 -1.10526 -1.05263 
0 0 -1 0 
img0153.jpg
-0.382683 -0.92388 0 0 
-0.353553 0.146447 -0.92388 0 
0.853553 -0.353553 -0.382683 -1.5 
0 0 0 1 
1.29904 0 0 0 
0 1.73205 0 0 
0 0 -1.10526 -1.05263 
0 0 -1 0 
img0154.jpg
-0.707107 -0.707107 0 0 
-0.270598 0.270598 -0.92388 0 
0.653282 -0.653282 -0.382683 -1.5 
0 0 0 1 
1.29904 0 0 0 
0 1.73205 0 0 
0 0 -1.10526 -1.05263 
0 0 -1 0 
img0155.jpg
-0.92388 -0.382683 0 0 
-0.146447 0.353553 -0.92388 0 
0.353553 -0.853553 -0.382683 -1.5 
0 0 0 1 
1.29904 0 0 0 
0 1.73205 0 0 
0 0 -1.10526 -1.05263 
0 0 -1 0 
img0156.jpg
-1 -1.50996e-07 0 0 
-5.77836e-08 0.382683 -0.92388 0 
1.39502e-07 -0.92388 -0.382683 -1.5 
0 0 0 1 
1.29904 0 0 0 
0 1.73205 0 0 
0 0 -1.10526 -1.05263 
0 0 -1 0 
img0157.jpg
-0.92388 0.382683 0 0 
0.146447 0.353553 -0.92388 0 
-0.353553 -0.853553 -0.382683 -1.5 
0 0 0 1 
1.29904 0 0 0 
0 1.73205 0 0 
0 0 -1.10526 -1.05263 
0 0 -1 0 
img0158.jpg
-0.707107 0.707107 0 0 
0.270598 0.270598 -0.92388 0 
-0.653282 -0.653281 -0.382683 -1.5 
0 0 0 1 
1.29904 0 0 0 
0 1.73205 0 0 
0 0 -1.10526 -1.05263 
0 0 -1 0 
img0159.jpg
-0.382684 0.92388 0 0 
0.353553 0.146447 -0.923879 0 
-0.853553 -0.353554 -0.382683 -1.5 
0 0 0 1 
1.29904 0 0 0 
0 1.73205 0 0 
0 0 -1.10526 -1.05263 
0 0 -1 0 
img0160.jpg
-4.37114e-08 1 0 0 
0.707107 3.09086e-08 -0.707107 0 
-0.707107 -3.09086e-08 -0.707107 -1.5 
0 0 0 1 
1.29904 0 0 0 
0 1.73205 0 0 
0 0 -1.10526 -1.05263 
0 0 -1 0 
img0161.jpg
0.382683 0.92388 0 0 
0.653282 -0.270598 -0.707107 0 
-0.653281 0.270598 -0.707107 -1.5 
0 0 0 1 
1.29904 0 0 0 
0 1.73205 0 0 
0 0 -1.10526 -1.05263 
0 0 -1 0 
img0162.jpg
0.707107 0.707107 0 0 
0.5 -0.5 -0.707107 0 
-0.5 0.5 -0.707107 -1.5 
0 0 0 1 
1.29904 0 0 0 
0 1.73205 0 0 
0 0 -1.10526 -1.05263 
0 0 -1 0 
img0163.jpg
0.92388 0.382683 0 0 
0.270598 -0.653282 -0.707107 0 
-0.270598 0.653281 -0.707107 -1.5 
0 0 0 1 
1.29904 0 0 0 
0 1.73205 0 0 
0 0 -1.10526 -1.05263 
0 0 -1 0 
img0164.jpg
1 0 0 0 
0 -0.707107 -0.707107 0 
0 0.707107 -0.707107 -1.5 
0 0 0 1 
1.29904 0 0 0 
0 1.73205 0 0 
0 0 -1.10526 -1.05263 
0 0 -1 0 
img0165.jpg
0.92388 -0.382683 0 0 
-0.270598 -0.653282 -0.707107 0 
0.270598 0.653281 -0.707107 -1.5 
0 0 0 1 
1.29904 0 0 0 
0 1.73205 0 0 
0 0 -1.10526 -1.05263 
0 0 -1 0 
img0166.jpg
0.707107 -0.707107 0 0 
-0.5 -0.5 -0.707107 0 
0.5 0.5 -0.707107 -1.5 
0 0 0 1 
1.29904 0 0 0 
0 1.73205 0 0 
0 0 -1.10526 -1.05263 
0 0 -1 0 
img0167.jpg
0.382683 -0.92388 0 0 
-0.653282 -0.270598 -0.707107 0 
0.653281 0.270598 -0.707107 -1.5 
0 0 0 1 
1.29904 0 0 0 
0 1.73205 0 0 
0 0 -1.10526 -1.05263 
0 0 -1 0 
img0168.jpg
-4.37114e-08 -1 0 0 
-0.707107 3.09086e-08 -0.707107 0 
0.707107 -3.09086e-08 -0.707107 -1.5 
0 0 0 1 
1.29904 0 0 0 
0 1.73205 0 0 
0 0 -1.10526 -1.05263 
0 0 -1 0 
img0169.jpg
-0.382683 -0.92388 0 0 
-0.653282 0.270598 -0.707107 0 
0.653281 -0.270598 -0.707107 -1.5 
0 0 0 1 
1.29904 0 0 0 
0 1.73205 0 0 
0 0 -1.10526 -1.05263 
0 0 -1 0 
img0170.jpg
-0.707107 -0.707107 0 0 
-0.5 0.5 -0.707107 0 
0.5 -0.5 -0.707107 -1.5 
0 0 0 1 
1.29904 0 0 0 
0 1.73205 0 0 
0 0 -1.10526 -1.05263 
0 0 -1 0 
img0171.jpg
-0.92388 -0.382683 0 0 
-0.270598 0.653282 -0.707107 0 
0.270598 -0.653281 -0.707107 -1.5 
0 0 0 1 
1.29904 0 0 0 
0 1.73205 0 0 
0 0 -1.10526 -1.05263 
0 0 -1 0 
img0172.jpg
-1 -1.50996e-07 0 0 
-1.0677e-07 0.707107 -0.707107 0 
1.0677e-07 -0.707107 -0.707107 -1.5 
0 0 0 1 
1.29904 0 0 0 
0 1.73205 0 0 
0 0 -1.10526 -1.05263 
0 0 -1 0 
img0173.jpg
-0.92388 0.382683 0 0 
0.270598 0.653282 -0.707107 0 
-0.270598 -0.653281 -0.707107 -1.5 
0 0 0 1 
1.29904 0 0 0 
0 1.73205 0 0 
0 0 -1.10526 -1.05263 
0 0 -1 0 
img0174.jpg
-0.707107 0.707107 0 0 
0.5 0.5 -0.707107 0 
-0.5 -0.5 -0.707107 -1.5 
0 0 0 1 
1.29904 0 0 0 
0 1.73205 0 0 
0 0 -1.10526 -1.05263 
0 0 -1 0 
img0175.jpg
-0.382684 0.923879 0 0 
0.653282 0.270598 -0.707107 0 
-0.653281 -0.270598 -0.707107 -1.5 
0 0 0 1 
1.29904 0 0 0 
0 1.73205 0 0 
0 0 -1.10526 -1.05263 
0 0 -1 0 
img0176.jpg
-4.37114e-08 1 0 0 
0.92388 4.03841e-08 -0.382683 0 
-0.382683 -1.67276e-08 -0.92388 -1.5 
0 0 0 1 
1.29904 0 0 0 
0 1.73205 0 0 
0 0 -1.10526 -1.05263 
0 0 -1 0 
img0177.jpg
0.382683 0.92388 0 0 
0.853554 -0.353553 -0.382683 0 
-0.353553 0.146447 -0.92388 -1.5 
0 0 0 1 
1.29904 0 0 0 
0 1.73205 0 0 
0 0 -1.10526 -1.05263 
0 0 -1 0 
img0178.jpg
0.707107 0.707107 0 0 
0.653282 -0.653282 -0.382683 0 
-0.270598 0.270598 -0.92388 -1.5 
0 0 0 1 
1.29904 0 0 0 
0 1.73205 0 0 
0 0 -1.10526 -1.05263 
0 0 -1 0 
img0179.jpg
0.92388 0.382683 0 0 
0.353553 -0.853553 -0.382683 0 
-0.146446 0.353553 -0.92388 -1.5 
0 0 0 1 
1.29904 0 0 0 
0 1.73205 0 0 
0 0 -1.10526 -1.05263 
0 0 -1 0 
img0180.jpg
1 0 0 0 
0 -0.92388 -0.382683 0 
0 0.382683 -0.92388 -1.5 
0 0 0 1 
1.29904 0 0 0 
0 1.73205 0 0 
0 0 -1.10526 -1.05263 
0 0 -1 0 
img0181.jpg
0.92388 -0.382683 0 0 
-0.353553 -0.853553 -0.382683 0 
0.146446 0.353553 -0.92388 -1.5 
0 0 0 1 
1.29904 0 0 0 
0 1.73205 0 0 
0 0 -1.10526 -1.05263 
0 0 -1 0 
img0182.jpg
0.707107 -0.707107 0 0 
-0.653282 -0.653282 -0.382683 0 
0.270598 0.270598 -0.92388 -1.5 
0 0 0 1 
1.29904 0 0 0 
0 1.73205 0 0 
0 0 -1.10526 -1.05263 
0 0 -1 0 
img0183.jpg
0.382683 -0.92388 0 0 
-0.853554 -0.353553 -0.382683 0 
0.353553 0.146446 -0.92388 -1.5 
0 0 0 1 
1.29904 0 0 0 
0 1.73205 0 0 
0 0 -1.10526 -1.05263 
0 0 -1 0 
img0184.jpg
-4.37114e-08 -1 0 0 
-0.92388 4.03841e-08 -0.382683 0 
0.382683 -1.67276e-08 -0.92388 -1.5 
0 0 0 1 
1.29904 0 0 0 
0 1.73205 0 0 
0 0 -1.10526 -1.05263 
0 0 -1 0 
img0185.jpg
-0.382683 -0.92388 0 0 
-0.853554 0.353553 -0.382683 0 
0.353553 -0.146446 -0.92388 -1.5 
0 0 0 1 
1.29904 0 0 0 
0 1.73205 0 0 
0 0 -1.10526 -1.05263 
0 0 -1 0 
img0186.jpg
-0.707107 -0.707107 0 0 
-0.653282 0.653282 -0.382683 0 
0.270598 -0.270598 -0.92388 -1.5 
0 0 0 1 
1.29904 0 0 0 
0 1.73205 0 0 
0 0 -1.10526 -1.05263 
0 0 -1 0 
img0187.jpg
-0.92388 -0.382683 0 0 
-0.353553 0.853554 -0.382683 0 
0.146446 -0.353553 -0.92388 -1.5 
0 0 0 1 
1.29904 0 0 0 
0 1.73205 0 0 
0 0 -1.10526 -1.05263 
0 0 -1 0 
img0188.jpg
-1 -1.50996e-07 0 0 
-1.39502e-07 0.92388 -0.382683 0 
5.77835e-08 -0.382683 -0.92388 -1.5 
0 0 0 1 
1.29904 0 0 0 
0 1.73205 0 0 
0 0 -1.10526 -1.05263 
0 0 -1 0 
img0189.jpg
-0.92388 0.382683 0 0 
0.353553 0.853553 -0.382683 0 
-0.146446 -0.353553 -0.92388 -1.5 
0 0 0 1 
1.29904 0 0 0 
0 1.73205 0 0 
0 0 -1.10526 -1.05263 
0 0 -1 0 
img0190.jpg
-0.707107 0.707107 0 0 
0.653282 0.653281 -0.382683 0 
-0.270598 -0.270598 -0.92388 -1.5 
0 0 0 1 
1.29904 0 0 0 
0 1.73205 0 0 
0 0 -1.10526 -1.05263 
0 0 -1 0 
img0191.jpg
-0.382684 0.92388 0 0 
0.853553 0.353554 -0.382683 0 
-0.353553 -0.146447 -0.92388 -1.5 
0 0 0 1 
1.29904 0 0 0 
0 1.73205 0 0 
0 0 -1.10526 -1.05263 
0 0 -1 0 
img0192.jpg
-4.37114e-08 1 0 0 
1 4.37114e-08 1.19249e-08 0 
1.19249e-08 5.21253e-16 -1 -1.5 
0 0 0 1 
1.29904 0 0 0 
0 1.73205 0 0 
0 0 -1.10526 -1.05263 
0 0 -1 0 
img0193.jpg
0.382683 0.92388 0 0 
0.92388 -0.382683 1.19249e-08 0 
1.10172e-08 -4.56345e-09 -1 -1.5 
0 0 0 1 
1.29904 0 0 0 
0 1.73205 0 0 
0 0 -1.10526 -1.05263 
0 0 -1 0 
img0194.jpg
0.707107 0.707107 0 0 
0.707107 -0.707107 1.19249e-08 0 
8.43216e-09 -8.43216e-09 -1 -1.5 
0 0 0 1 
1.29904 0 0 0 
0 1.73205 0 0 
0 0 -1.10526 -1.05263 
0 0 -1 0 
img0195.jpg
0.92388 0.382683 0 0 
0.382683 -0.92388 1.19249e-08 0 
4.56345e-09 -1.10172e-08 -1 -1.5 
0 0 0 1 
1.29904 0 0 0 
0 1.73205 0 0 
0 0 -1.10526 -1.05263 
0 0 -1 0 
img0196.jpg
1 0 0 0 
0 -1 1.19249e-08 0 
-0 -1.19249e-08 -1 -1.5 
0 0 0 1 
1.29904 0 0 0 
0 1.73205 0 0 
0 0 -1.10526 -1.05263 
0 0 -1 0 
img0197.jpg
0.92388 -0.382683 0 0 
-0.382683 -0.92388 1.19249e-08 0 
-4.56345e-09 -1.10172e-08 -1 -1.5 
0 0 0 1 
1.29904 0 0 0 
0 1.73205 0 0 
0 0 -1.10526 -1.05263 
0 0 -1 0 
img0198.jpg
0.707107 -0.707107 0 0 
-0.707107 -0.707107 1.19249e-08 0 
-8.43216e-09 -8.43216e-09 -1 -1.5 
0 0 0 1 
1.29904 0 0 0 
0 1.73205 0 0 
0 0 -1.10526 -1.05263 
0 0 -1 0 
img0199.jpg
0.382683 -0.92388 0 0 
-0.92388 -0.382683 1.19249e-08 0 
-1.10172e-08 -4.56345e-09 -1 -1.5 
0 0 0 1 
1.29904 0 0 0 
0 1.73205 0 0 
0 0 -1.10526 -1.05263 
0 0 -1 0 
img0200.jpg
-4.37114e-08 -1 0 0 
-1 4.37114e-08 1.19249e-08 0 
-1.19249e-08 5.21253e-16 -1 -1.5 
0 0 0 1 
1.29904 0 0 0 
0 1.73205 0 0 
0 0 -1.10526 -1.05263 
0 0 -1 0 
img0201.jpg
-0.382683 -0.92388 0 0 
-0.92388 0.382683 1.19249e-08 0 
-1.10172e-08 4.56345e-09 -1 -1.5 
0 0 0 1 
1.29904 0 0 0 
0 1.73205 0 0 
0 0 -1.10526 -1.05263 
0 0 -1 0 
img0202.jpg
-0.707107 -0.707107 0 0 
-0.707107 0.707107 1.19249e-08 0 
-8.43216e-09 8.43216e-09 -1 -1.5 
0 0 0 1 
1.29904 0 0 0 
0 1.73205 0 0 
0 0 -1.10526 -1.05263 
0 0 -1 0 
img0203.jpg
-0.92388 -0.382683 0 0 
-0.382683 0.92388 1.19249e-08 0 
-4.56345e-09 1.10172e-08 -1 -1.5 
0 0 0 1 
1.29904 0 0 0 
0 1.73205 0 0 
0 0 -1.10526 -1.05263 
0 0 -1 0 
img0204.jpg
-1 -1.50996e-07 0 0 
-1.50996e-07 1 1.19249e-08 0 
-1.80061e-15 1.19249e-08 -1 -1.5 
0 0 0 1 
1.29904 0 0 0 
0 1.73205 0 0 
0 0 -1.10526 -1.05263 
0 0 -1 0 
img0205.jpg
-0.92388 0.382683 0 0 
0.382683 0.92388 1.19249e-08 0 
4.56345e-09 1.10172e-08 -1 -1.5 
0 0 0 1 
1.29904 0 0 0 
0 1.73205 0 0 
0 0 -1.10526 -1.05263 
0 0 -1 0 
img0206.jpg
-0.707107 0.707107 0 0 
0.707107 0.707107 1.19249e-08 0 
8.43217e-09 8.43216e-09 -1 -1.5 
0 0 0 1 
1.29904 0 0 0 
0 1.73205 0 0 
0 0 -1.10526 -1.05263 
0 0 -1 0 
img0207.jpg
-0.382684 0.92388 0 0 
0.92388 0.382684 1.19249e-08 0 
1.10172e-08 4.56346e-09 -1 -1.5 
0 0 0 1 
1.29904 0 0 0 
0 1.73205 0 0 
0 0 -1.10526 -1.05263 
0 0 -1 0 
img0208.jpg
-4.37114e-08 1 0 0 
0.923879 4.03841e-08 0.382684 0 
0.382684 1.67276e-08 -0.923879 -1.5 
0 0 0 1 
1.29904 0 0 0 
0 1.73205 0 0 
0 0 -1.10526 -1.05263 
0 0 -1 0 
img0209.jpg
0.382683 0.92388 0 0 
0.853553 -0.353553 0.382684 0 
0.353554 -0.146447 -0.92388 -1.5 
0 0 0 1 
1.29904 0 0 0 
0 1.73205 0 0 
0 0 -1.10526 -1.05263 
0 0 -1 0 
img0210.jpg
0.707107 0.707107 0 0 
0.653281 -0.653281 0.382684 0 
0.270598 -0.270598 -0.92388 -1.5 
0 0 0 1 
1.29904 0 0 0 
0 1.73205 0 0 
0 0 -1.10526 -1.05263 
0 0 -1 0 
img0211.jpg
0.92388 0.382683 0 0 
0.353553 -0.853553 0.382684 0 
0.146447 -0.353554 -0.923879 -1.5 
0 0 0 1 
1.29904 0 0 0 
0 1.73205 0 0 
0 0 -1.10526 -1.05263 
0 0 -1 0 
img0212.jpg
1 0 0 0 
0 -0.923879 0.382684 0 
-0 -0.382684 -0.923879 -1.5 
0 0 0 1 
1.29904 0 0 0 
0 1.73205 0 0 
0 0 -1.10526 -1.05263 
0 0 -1 0 
img0213.jpg
0.92388 -0.382683 0 0 
-0.353553 -0.853553 0.382684 0 
-0.146447 -0.353554 -0.923879 -1.5 
0 0 0 1 
1.29904 0 0 0 
0 1.73205 0 0 
0 0 -1.10526 -1.05263 
0 0 -1 0 
img0214.jpg
0.707107 -0.707107 0 0 
-0.653281 -0.653281 0.382684 0 
-0.270598 -0.270598 -0.923879 -1.5 
0 0 0 1 
1.29904 0 0 0 
0 1.73205 0 0 
0 0 -1.10526 -1.05263 
0 0 -1 0 
img0215.jpg
0.382683 -0.92388 0 0 
-0.853553 -0.353553 0.382684 0 
-0.353554 -0.146447 -0.923879 -1.5 
0 0 0 1 
1.29904 0 0 0 
0 1.73205 0 0 
0 0 -1.10526 -1.05263 
0 0 -1 0 
img0216.jpg
-4.37114e-08 -1 0 0 
-0.923879 4.03841e-08 0.382684 0 
-0.382684 1.67276e-08 -0.923879 -1.5 
0 0 0 1 
1.29904 0 0 0 
0 1.73205 0 0 
0 0 -1.10526 -1.05263 
0 0 -1 0 
img0217.jpg
-0.382683 -0.92388 0 0 
-0.853553 0.353553 0.382684 0 
-0.353554 0.146447 -0.923879 -1.5 
0 0 0 1 
1.29904 0 0 0 
0 1.73205 0 0 
0 0 -1.10526 -1.05263 
0 0 -1 0 
img0218.jpg
-0.707107 -0.707107 0 0 
-0.653281 0.653281 0.382684 0 
-0.270598 0.270598 -0.92388 -1.5 
0 0 0 1 
1.29904 0 0 0 
0 1.73205 0 0 
0 0 -1.10526 -1.05263 
0 0 -1 0 
img0219.jpg
-0.92388 -0.382683 0 0 
-0.353553 0.853553 0.382684 0 
-0.146447 0.353554 -0.923879 -1.5 
0 0 0 1 
1.29904 0 0 0 
0 1.73205 0 0 
0 0 -1.10526 -1.05263 
0 0 -1 0 
img0220.jpg
-1 -1.50996e-07 0 0 
-1.39502e-07 0.923879 0.382684 0 
-5.77836e-08 0.382684 -0.923879 -1.5 
0 0 0 1 
1.29904 0 0 0 
0 1.73205 0 0 
0 0 -1.10526 -1.05263 
0 0 -1 0 
img0221.jpg
-0.92388 0.382683 0 0 
0.353553 0.853553 0.382684 0 
0.146447 0.353554 -0.923879 -1.5 
0 0 0 1 
1.29904 0 0 0 
0 1.73205 0 0 
0 0 -1.10526 -1.05263 
0 0 -1 0 
img0222.jpg
-0.707107 0.707107 0 0 
0.653282 0.653281 0.382684 0 
0.270598 0.270598 -0.923879 -1.5 
0 0 0 1 
1.29904 0 0 0 
0 1.73205 0 0 
0 0 -1.10526 -1.05263 
0 0 -1 0 
img0223.jpg
-0.382684 0.92388 0 0 
0.853553 0.353554 0.382684 0 
0.353554 0.146447 -0.923879 -1.5 
0 0 0 1 
1.29904 0 0 0 
0 1.73205 0 0 
0 0 -1.10526 -1.05263 
0 0 -1 0 
img0224.jpg
-4.37114e-08 1 0 0 
0.707107 3.09086e-08 0.707107 0 
0.707107 3.09086e-08 -0.707107 -1.5 
0 0 0 1 
1.29904 0 0 0 
0 1.73205 0 0 
0 0 -1.10526 -1.05263 
0 0 -1 0 
img0225.jpg
0.382683 0.92388 0 0 
0.653281 -0.270598 0.707107 0 
0.653282 -0.270598 -0.707107 -1.5 
0 0 0 1 
1.29904 0 0 0 
0 1.73205 0 0 
0 0 -1.10526 -1.05263 
0 0 -1 0 
img0226.jpg
0.707107 0.707107 0 0 
0.5 -0.5 0.707107 0 
0.5 -0.5 -0.707107 -1.5 
0 0 0 1 
1.29904 0 0 0 
0 1.73205 0 0 
0 0 -1.10526 -1.05263 
0 0 -1 0 
img0227.jpg
0.92388 0.382683 0 0 
0.270598 -0.653281 0.707107 0 
0.270598 -0.653282 -0.707107 -1.5 
0 0 0 1 
1.29904 0 0 0 
0 1.73205 0 0 
0 0 -1.10526 -1.05263 
0 0 -1 0 
img0228.jpg
1 0 0 0 
0 -0.707107 0.707107 0 
-0 -0.707107 -0.707107 -1.5 
0 0 0 1 
1.29904 0 0 0 
0 1.73205 0 0 
0 0 -1.10526 -1.05263 
0 0 -1 0 
img0229.jpg
0.92388 -0.382683 0 0 
-0.270598 -0.653281 0.707107 0 
-0.270598 -0.653282 -0.707107 -1.5 
0 0 0 1 
1.29904 0 0 0 
0 1.73205 0 0 
0 0 -1.10526 -1.05263 
0 0 -1 0 
img0230.jpg
0.707107 -0.707107 0 0 
-0.5 -0.5 0.707107 0 
-0.5 -0.5 -0.707107 -1.5 
0 0 0 1 
1.29904 0 0 0 
0 1.73205 0 0 
0 0 -1.10526 -1.05263 
0 0 -1 0 
img0231.jpg
0.382683 -0.92388 0 0 
-0.653281 -0.270598 0.707107 0 
-0.653282 -0.270598 -0.707107 -1.5 
0 0 0 1 
1.29904 0 0 0 
0 1.73205 0 0 
0 0 -1.10526 -1.05263 
0 0 -1 0 
img0232.jpg
-4.37114e-08 -1 0 0 
-0.707107 3.09086e-08 0.707107 0 
-0.707107 3.09086e-08 -0.707107 -1.5 
0 0 0 1 
1.29904 0 0 0 
0 1.73205 0 0 
0 0 -1.10526 -1.05263 
0 0 -1 0 
img0233.jpg
-0.382683 -0.92388 0 0 
-0.653281 0.270598 0.707107 0 
-0.653282 0.270598 -0.707107 -1.5 
0 0 0 1 
1.29904 0 0 0 
0 1.73205 0 0 
0 0 -1.10526 -1.05263 
0 0 -1 0 
img0234.jpg
-0.707107 -0.707107 0 0 
-0.5 0.5 0.707107 0 
-0.5 0.5 -0.707107 -1.5 
0 0 0 1 
1.29904 0 0 0 
0 1.73205 0 0 
0 0 -1.10526 -1.05263 
0 0 -1 0 
img0235.jpg
-0.92388 -0.382683 0 0 
-0.270598 0.653281 0.707107 0 
-0.270598 0.653282 -0.707107 -1.5 
0 0 0 1 
1.29904 0 0 0 
0 1.73205 0 0 
0 0 -1.10526 -1.05263 
0 0 -1 0 
img0236.jpg
-1 -1.50996e-07 0 0 
-1.0677e-07 0.707107 0.707107 0 
-1.0677e-07 0.707107 -0.707107 -1.5 
0 0 0 1 
1.29904 0 0 0 
0 1.73205 0 0 
0 0 -1.10526 -1.05263 
0 0 -1 0 
img0237.jpg
-0.92388 0.382683 0 0 
0.270598 0.653281 0.707107 0 
0.270598 0.653282 -0.707107 -1.5 
0 0 0 1 
1.29904 0 0 0 
0 1.73205 0 0 
