000000.jpg
-4.37114e-08 1 0 0 
0 0 1 0 
1 4.37114e-08 -0 -1.2 
0 0 0 1 
1.29904 0 0 0 
0 1.73205 0 0 
0 0 -1.10526 -1.05263 
0 0 -1 0 
000001.jpg
0.382683 0.92388 0 0 
0 0 1 0 
0.92388 -0.382683 -0 -1.2 
0 0 0 1 
1.29904 0 0 0 
0 1.73205 0 0 
0 0 -1.10526 -1.05263 
0 0 -1 0 
000002.jpg
0.707107 0.707107 0 0 
0 0 1 0 
0.707107 -0.707107 -0 -1.2 
0 0 0 1 
1.29904 0 0 0 
0 1.73205 0 0 
0 0 -1.10526 -1.05263 
0 0 -1 0 
000003.jpg
0.92388 0.382683 0 0 
0 0 1 0 
0.382683 -0.92388 -0 -1.2 
0 0 0 1 
1.29904 0 0 0 
0 1.73205 0 0 
0 0 -1.10526 -1.05263 
0 0 -1 0 
000004.jpg
1 0 0 0 
0 0 1 0 
-0 -1 -0 -1.2 
0 0 0 1 
1.29904 0 0 0 
0 1.73205 0 0 
0 0 -1.10526 -1.05263 
0 0 -1 0 
000005.jpg
0.92388 -0.382683 0 0 
0 0 1 0 
-0.382683 -0.92388 -0 -1.2 
0 0 0 1 
1.29904 0 0 0 
0 1.73205 0 0 
0 0 -1.10526 -1.05263 
0 0 -1 0 
000006.jpg
0.707107 -0.707107 0 0 
0 0 1 0 
-0.707107 -0.707107 -0 -1.2 
0 0 0 1 
1.29904 0 0 0 
0 1.73205 0 0 
0 0 -1.10526 -1.05263 
0 0 -1 0 
000007.jpg
0.382683 -0.92388 0 0 
0 0 1 0 
-0.92388 -0.382683 -0 -1.2 
0 0 0 1 
1.29904 0 0 0 
0 1.73205 0 0 
0 0 -1.10526 -1.05263 
0 0 -1 0 
000008.jpg
-4.37114e-08 -1 0 0 
0 0 1 0 
-1 4.37114e-08 -0 -1.2 
0 0 0 1 
1.29904 0 0 0 
0 1.73205 0 0 
0 0 -1.10526 -1.05263 
0 0 -1 0 
000009.jpg
-0.382683 -0.92388 0 0 
0 0 1 0 
-0.92388 0.382683 -0 -1.2 
0 0 0 1 
1.29904 0 0 0 
0 1.73205 0 0 
0 0 -1.10526 -1.05263 
0 0 -1 0 
000010.jpg
-0.707107 -0.707107 0 0 
0 0 1 0 
-0.707107 0.707107 -0 -1.2 
0 0 0 1 
1.29904 0 0 0 
0 1.73205 0 0 
0 0 -1.10526 -1.05263 
0 0 -1 0 
000011.jpg
-0.92388 -0.382683 0 0 
0 0 1 0 
-0.382683 0.92388 -0 -1.2 
0 0 0 1 
1.29904 0 0 0 
0 1.73205 0 0 
0 0 -1.10526 -1.05263 
0 0 -1 0 
000012.jpg
-1 -1.50996e-07 0 0 
0 0 1 0 
-1.50996e-07 1 -0 -1.2 
0 0 0 1 
1.29904 0 0 0 
0 1.73205 0 0 
0 0 -1.10526 -1.05263 
0 0 -1 0 
000013.jpg
-0.92388 0.382683 0 0 
0 0 1 0 
0.382683 0.92388 -0 -1.2 
0 0 0 1 
1.29904 0 0 0 
0 1.73205 0 0 
0 0 -1.10526 -1.05263 
0 0 -1 0 
000014.jpg
-0.707107 0.707107 0 0 
0 0 1 0 
0.707107 0.707107 -0 -1.2 
0 0 0 1 
1.29904 0 0 0 
0 1.73205 0 0 
0 0 -1.10526 -1.05263 
0 0 -1 0 
000015.jpg
-0.382684 0.92388 0 0 
0 0 1 0 
0.92388 0.382684 -0 -1.2 
0 0 0 1 
1.29904 0 0 0 
0 1.73205 0 0 
0 0 -1.10526 -1.05263 
0 0 -1 0 
000016.jpg
-4.37114e-08 1 0 0 
-0.382683 -1.67276e-08 0.923879 0 
0.92388 4.03841e-08 0.382683 -1.2 
0 0 0 1 
1.29904 0 0 0 
0 1.73205 0 0 
0 0 -1.10526 -1.05263 
0 0 -1 0 
000017.jpg
0.382683 0.92388 0 0 
-0.353553 0.146447 0.92388 0 
0.853553 -0.353553 0.382683 -1.2 
0 0 0 1 
1.29904 0 0 0 
0 1.73205 0 0 
0 0 -1.10526 -1.05263 
0 0 -1 0 
000018.jpg
0.707107 0.707107 0 0 
-0.270598 0.270598 0.92388 0 
0.653282 -0.653282 0.382683 -1.2 
0 0 0 1 
1.29904 0 0 0 
0 1.73205 0 0 
0 0 -1.10526 -1.05263 
0 0 -1 0 
000019.jpg
0.92388 0.382683 0 0 
-0.146447 0.353553 0.92388 0 
0.353553 -0.853553 0.382683 -1.2 
0 0 0 1 
1.29904 0 0 0 
0 1.73205 0 0 
0 0 -1.10526 -1.05263 
0 0 -1 0 
000020.jpg
1 0 0 0 
0 0.382683 0.92388 0 
0 -0.92388 0.382683 -1.2 
0 0 0 1 
1.29904 0 0 0 
0 1.73205 0 0 
0 0 -1.10526 -1.05263 
0 0 -1 0 
000021.jpg
0.92388 -0.382683 0 0 
0.146447 0.353553 0.92388 0 
-0.353553 -0.853553 0.382683 -1.2 
0 0 0 1 
1.29904 0 0 0 
0 1.73205 0 0 
0 0 -1.10526 -1.05263 
0 0 -1 0 
000022.jpg
0.707107 -0.707107 0 0 
0.270598 0.270598 0.92388 0 
-0.653281 -0.653282 0.382683 -1.2 
0 0 0 1 
1.29904 0 0 0 
0 1.73205 0 0 
0 0 -1.10526 -1.05263 
0 0 -1 0 
000023.jpg
0.382683 -0.92388 0 0 
0.353553 0.146447 0.92388 0 
-0.853553 -0.353553 0.382683 -1.2 
0 0 0 1 
1.29904 0 0 0 
0 1.73205 0 0 
0 0 -1.10526 -1.05263 
0 0 -1 0 
000024.jpg
-4.37114e-08 -1 0 0 
0.382683 -1.67276e-08 0.923879 0 
-0.92388 4.03841e-08 0.382683 -1.2 
0 0 0 1 
1.29904 0 0 0 
0 1.73205 0 0 
0 0 -1.10526 -1.05263 
0 0 -1 0 
000025.jpg
-0.382683 -0.92388 0 0 
0.353553 -0.146447 0.92388 0 
-0.853553 0.353553 0.382683 -1.2 
0 0 0 1 
1.29904 0 0 0 
0 1.73205 0 0 
0 0 -1.10526 -1.05263 
0 0 -1 0 
000026.jpg
-0.707107 -0.707107 0 0 
0.270598 -0.270598 0.92388 0 
-0.653282 0.653282 0.382683 -1.2 
0 0 0 1 
1.29904 0 0 0 
0 1.73205 0 0 
0 0 -1.10526 -1.05263 
0 0 -1 0 
000027.jpg
-0.92388 -0.382683 0 0 
0.146447 -0.353553 0.92388 0 
-0.353553 0.853553 0.382683 -1.2 
0 0 0 1 
1.29904 0 0 0 
0 1.73205 0 0 
0 0 -1.10526 -1.05263 
0 0 -1 0 
000028.jpg
-1 -1.50996e-07 0 0 
5.77836e-08 -0.382683 0.92388 0 
-1.39502e-07 0.92388 0.382683 -1.2 
0 0 0 1 
1.29904 0 0 0 
0 1.73205 0 0 
0 0 -1.10526 -1.05263 
0 0 -1 0 
000029.jpg
-0.92388 0.382683 0 0 
-0.146447 -0.353553 0.92388 0 
0.353553 0.853553 0.382683 -1.2 
0 0 0 1 
1.29904 0 0 0 
0 1.73205 0 0 
0 0 -1.10526 -1.05263 
0 0 -1 0 
000030.jpg
-0.707107 0.707107 0 0 
-0.270598 -0.270598 0.923879 0 
0.653282 0.653281 0.382683 -1.2 
0 0 0 1 
1.29904 0 0 0 
0 1.73205 0 0 
0 0 -1.10526 -1.05263 
0 0 -1 0 
000031.jpg
-0.382684 0.92388 0 0 
-0.353553 -0.146447 0.923879 0 
0.853553 0.353554 0.382683 -1.2 
0 0 0 1 
1.29904 0 0 0 
0 1.73205 0 0 
0 0 -1.10526 -1.05263 
0 0 -1 0 
000032.jpg
-4.37114e-08 1 0 0 
-0.707107 -3.09086e-08 0.707107 0 
0.707107 3.09086e-08 0.707107 -1.2 
0 0 0 1 
1.29904 0 0 0 
0 1.73205 0 0 
0 0 -1.10526 -1.05263 
0 0 -1 0 
000033.jpg
0.382683 0.92388 0 0 
-0.653282 0.270598 0.707107 0 
0.653282 -0.270598 0.707107 -1.2 
0 0 0 1 
1.29904 0 0 0 
0 1.73205 0 0 
0 0 -1.10526 -1.05263 
0 0 -1 0 
000034.jpg
0.707107 0.707107 0 0 
-0.5 0.5 0.707107 0 
0.5 -0.5 0.707107 -1.2 
0 0 0 1 
1.29904 0 0 0 
0 1.73205 0 0 
0 0 -1.10526 -1.05263 
0 0 -1 0 
000035.jpg
0.92388 0.382683 0 0 
-0.270598 0.653282 0.707107 0 
0.270598 -0.653282 0.707107 -1.2 
0 0 0 1 
1.29904 0 0 0 
0 1.73205 0 0 
0 0 -1.10526 -1.05263 
0 0 -1 0 
000036.jpg
1 0 0 0 
0 0.707107 0.707107 0 
0 -0.707107 0.707107 -1.2 
0 0 0 1 
1.29904 0 0 0 
0 1.73205 0 0 
0 0 -1.10526 -1.05263 
0 0 -1 0 
000037.jpg
0.92388 -0.382683 0 0 
0.270598 0.653282 0.707107 0 
-0.270598 -0.653282 0.707107 -1.2 
0 0 0 1 
1.29904 0 0 0 
0 1.73205 0 0 
0 0 -1.10526 -1.05263 
0 0 -1 0 
000038.jpg
0.707107 -0.707107 0 0 
0.5 0.5 0.707107 0 
-0.5 -0.5 0.707107 -1.2 
0 0 0 1 
1.29904 0 0 0 
0 1.73205 0 0 
0 0 -1.10526 -1.05263 
0 0 -1 0 
000039.jpg
0.382683 -0.92388 0 0 
0.653282 0.270598 0.707107 0 
-0.653282 -0.270598 0.707107 -1.2 
0 0 0 1 
1.29904 0 0 0 
0 1.73205 0 0 
0 0 -1.10526 -1.05263 
0 0 -1 0 
000040.jpg
-4.37114e-08 -1 0 0 
0.707107 -3.09086e-08 0.707107 0 
-0.707107 3.09086e-08 0.707107 -1.2 
0 0 0 1 
1.29904 0 0 0 
0 1.73205 0 0 
0 0 -1.10526 -1.05263 
0 0 -1 0 
000041.jpg
-0.382683 -0.92388 0 0 
0.653282 -0.270598 0.707107 0 
-0.653282 0.270598 0.707107 -1.2 
0 0 0 1 
1.29904 0 0 0 
0 1.73205 0 0 
0 0 -1.10526 -1.05263 
0 0 -1 0 
000042.jpg
-0.707107 -0.707107 0 0 
0.5 -0.5 0.707107 0 
-0.5 0.5 0.707107 -1.2 
0 0 0 1 
1.29904 0 0 0 
0 1.73205 0 0 
0 0 -1.10526 -1.05263 
0 0 -1 0 
000043.jpg
-0.92388 -0.382683 0 0 
0.270598 -0.653282 0.707107 0 
-0.270598 0.653282 0.707107 -1.2 
0 0 0 1 
1.29904 0 0 0 
0 1.73205 0 0 
0 0 -1.10526 -1.05263 
0 0 -1 0 
000044.jpg
-1 -1.50996e-07 0 0 
1.0677e-07 -0.707107 0.707107 0 
-1.0677e-07 0.707107 0.707107 -1.2 
0 0 0 1 
1.29904 0 0 0 
0 1.73205 0 0 
0 0 -1.10526 -1.05263 
0 0 -1 0 
000045.jpg
-0.92388 0.382683 0 0 
-0.270598 -0.653282 0.707107 0 
0.270598 0.653282 0.707107 -1.2 
0 0 0 1 
1.29904 0 0 0 
0 1.73205 0 0 
0 0 -1.10526 -1.05263 
0 0 -1 0 
000046.jpg
-0.707107 0.707107 0 0 
-0.5 -0.5 0.707107 0 
0.5 0.5 0.707107 -1.2 
0 0 0 1 
1.29904 0 0 0 
0 1.73205 0 0 
0 0 -1.10526 -1.05263 
0 0 -1 0 
000047.jpg
-0.382684 0.92388 0 0 
-0.653281 -0.270598 0.707107 0 
0.653281 0.270598 0.707107 -1.2 
0 0 0 1 
1.29904 0 0 0 
0 1.73205 0 0 
0 0 -1.10526 -1.05263 
0 0 -1 0 
000048.jpg
-4.37114e-08 1 0 0 
-0.92388 -4.03841e-08 0.382683 0 
0.382683 1.67276e-08 0.92388 -1.2 
0 0 0 1 
1.29904 0 0 0 
0 1.73205 0 0 
0 0 -1.10526 -1.05263 
0 0 -1 0 
000049.jpg
0.382683 0.92388 0 0 
-0.853553 0.353553 0.382683 0 
0.353553 -0.146447 0.92388 -1.2 
0 0 0 1 
1.29904 0 0 0 
0 1.73205 0 0 
0 0 -1.10526 -1.05263 
0 0 -1 0 
000050.jpg
0.707107 0.707107 0 0 
-0.653282 0.653282 0.382683 0 
0.270598 -0.270598 0.92388 -1.2 
0 0 0 1 
1.29904 0 0 0 
0 1.73205 0 0 
0 0 -1.10526 -1.05263 
0 0 -1 0 
000051.jpg
0.92388 0.382683 0 0 
-0.353553 0.853553 0.382683 0 
0.146447 -0.353553 0.92388 -1.2 
0 0 0 1 
1.29904 0 0 0 
0 1.73205 0 0 
0 0 -1.10526 -1.05263 
0 0 -1 0 
000052.jpg
1 0 0 0 
0 0.92388 0.382683 0 
0 -0.382683 0.92388 -1.2 
0 0 0 1 
1.29904 0 0 0 
0 1.73205 0 0 
0 0 -1.10526 -1.05263 
0 0 -1 0 
000053.jpg
0.92388 -0.382683 0 0 
0.353553 0.853553 0.382683 0 
-0.146447 -0.353553 0.92388 -1.2 
0 0 0 1 
1.29904 0 0 0 
0 1.73205 0 0 
0 0 -1.10526 -1.05263 
0 0 -1 0 
000054.jpg
0.707107 -0.707107 0 0 
0.653281 0.653282 0.382683 0 
-0.270598 -0.270598 0.92388 -1.2 
0 0 0 1 
1.29904 0 0 0 
0 1.73205 0 0 
0 0 -1.10526 -1.05263 
0 0 -1 0 
000055.jpg
0.382683 -0.92388 0 0 
0.853553 0.353553 0.382683 0 
-0.353553 -0.146447 0.92388 -1.2 
0 0 0 1 
1.29904 0 0 0 
0 1.73205 0 0 
0 0 -1.10526 -1.05263 
0 0 -1 0 
000056.jpg
-4.37114e-08 -1 0 0 
0.92388 -4.03841e-08 0.382683 0 
-0.382683 1.67276e-08 0.92388 -1.2 
0 0 0 1 
1.29904 0 0 0 
0 1.73205 0 0 
0 0 -1.10526 -1.05263 
0 0 -1 0 
000057.jpg
-0.382683 -0.92388 0 0 
0.853553 -0.353553 0.382683 0 
-0.353553 0.146447 0.92388 -1.2 
0 0 0 1 
1.29904 0 0 0 
0 1.73205 0 0 
0 0 -1.10526 -1.05263 
0 0 -1 0 
000058.jpg
-0.707107 -0.707107 0 0 
0.653282 -0.653282 0.382683 0 
-0.270598 0.270598 0.92388 -1.2 
0 0 0 1 
1.29904 0 0 0 
0 1.73205 0 0 
0 0 -1.10526 -1.05263 
0 0 -1 0 
000059.jpg
-0.92388 -0.382683 0 0 
0.353553 -0.853553 0.382683 0 
-0.146447 0.353553 0.92388 -1.2 
0 0 0 1 
1.29904 0 0 0 
0 1.73205 0 0 
0 0 -1.10526 -1.05263 
0 0 -1 0 
000060.jpg
-1 -1.50996e-07 0 0 
1.39502e-07 -0.92388 0.382683 0 
-5.77836e-08 0.382683 0.92388 -1.2 
0 0 0 1 
1.29904 0 0 0 
0 1.73205 0 0 
0 0 -1.10526 -1.05263 
0 0 -1 0 
000061.jpg
-0.92388 0.382683 0 0 
-0.353553 -0.853553 0.382683 0 
0.146447 0.353553 0.92388 -1.2 
0 0 0 1 
1.29904 0 0 0 
0 1.73205 0 0 
0 0 -1.10526 -1.05263 
0 0 -1 0 
000062.jpg
-0.707107 0.707107 0 0 
-0.653282 -0.653281 0.382683 0 
0.270598 0.270598 0.923879 -1.2 
0 0 0 1 
1.29904 0 0 0 
0 1.73205 0 0 
0 0 -1.10526 -1.05263 
0 0 -1 0 
000063.jpg
-0.382684 0.92388 0 0 
-0.853553 -0.353554 0.382683 0 
0.353553 0.146447 0.923879 -1.2 
0 0 0 1 
1.29904 0 0 0 
0 1.73205 0 0 
0 0 -1.10526 -1.05263 
0 0 -1 0 
000064.jpg
-4.37114e-08 1 0 0 
-1 -4.37114e-08 -4.37114e-08 0 
-4.37114e-08 -1.91069e-15 1 -1.2 
0 0 0 1 
1.29904 0 0 0 
0 1.73205 0 0 
0 0 -1.10526 -1.05263 
0 0 -1 0 
000065.jpg
0.382683 0.92388 0 0 
-0.92388 0.382683 -4.37114e-08 0 
-4.03841e-08 1.67276e-08 1 -1.2 
0 0 0 1 
1.29904 0 0 0 
0 1.73205 0 0 
0 0 -1.10526 -1.05263 
0 0 -1 0 
000066.jpg
0.707107 0.707107 0 0 
-0.707107 0.707107 -4.37114e-08 0 
-3.09086e-08 3.09086e-08 1 -1.2 
0 0 0 1 
1.29904 0 0 0 
0 1.73205 0 0 
0 0 -1.10526 -1.05263 
0 0 -1 0 
000067.jpg
0.92388 0.382683 0 0 
-0.382683 0.92388 -4.37114e-08 0 
-1.67276e-08 4.03841e-08 1 -1.2 
0 0 0 1 
1.29904 0 0 0 
0 1.73205 0 0 
0 0 -1.10526 -1.05263 
0 0 -1 0 
000068.jpg
1 0 0 0 
0 1 -4.37114e-08 0 
0 4.37114e-08 1 -1.2 
0 0 0 1 
1.29904 0 0 0 
0 1.73205 0 0 
0 0 -1.10526 -1.05263 
0 0 -1 0 
000069.jpg
0.92388 -0.382683 0 0 
0.382683 0.92388 -4.37114e-08 0 
1.67276e-08 4.03841e-08 1 -1.2 
0 0 0 1 
1.29904 0 0 0 
0 1.73205 0 0 
0 0 -1.10526 -1.05263 
0 0 -1 0 
000070.jpg
0.707107 -0.707107 0 0 
0.707107 0.707107 -4.37114e-08 0 
3.09086e-08 3.09086e-08 1 -1.2 
0 0 0 1 
1.29904 0 0 0 
0 1.73205 0 0 
0 0 -1.10526 -1.05263 
0 0 -1 0 
000071.jpg
0.382683 -0.92388 0 0 
0.92388 0.382683 -4.37114e-08 0 
4.03841e-08 1.67276e-08 1 -1.2 
0 0 0 1 
1.29904 0 0 0 
0 1.73205 0 0 
0 0 -1.10526 -1.05263 
0 0 -1 0 
000072.jpg
-4.37114e-08 -1 0 0 
1 -4.37114e-08 -4.37114e-08 0 
4.37114e-08 -1.91069e-15 1 -1.2 
0 0 0 1 
1.29904 0 0 0 
0 1.73205 0 0 
0 0 -1.10526 -1.05263 
0 0 -1 0 
000073.jpg
-0.382683 -0.92388 0 0 
0.92388 -0.382683 -4.37114e-08 0 
4.03841e-08 -1.67276e-08 1 -1.2 
0 0 0 1 
1.29904 0 0 0 
0 1.73205 0 0 
0 0 -1.10526 -1.05263 
0 0 -1 0 
000074.jpg
-0.707107 -0.707107 0 0 
0.707107 -0.707107 -4.37114e-08 0 
3.09086e-08 -3.09086e-08 1 -1.2 
0 0 0 1 
1.29904 0 0 0 
0 1.73205 0 0 
0 0 -1.10526 -1.05263 
0 0 -1 0 
000075.jpg
-0.92388 -0.382683 0 0 
0.382683 -0.92388 -4.37114e-08 0 
1.67276e-08 -4.03841e-08 1 -1.2 
0 0 0 1 
1.29904 0 0 0 
0 1.73205 0 0 
0 0 -1.10526 -1.05263 
0 0 -1 0 
000076.jpg
-1 -1.50996e-07 0 0 
1.50996e-07 -1 -4.37114e-08 0 
6.60024e-15 -4.37114e-08 1 -1.2 
0 0 0 1 
1.29904 0 0 0 
0 1.73205 0 0 
0 0 -1.10526 -1.05263 
0 0 -1 0 
000077.jpg
-0.92388 0.382683 0 0 
-0.382683 -0.92388 -4.37114e-08 0 
-1.67276e-08 -4.03841e-08 1 -1.2 
0 0 0 1 
1.29904 0 0 0 
0 1.73205 0 0 
0 0 -1.10526 -1.05263 
0 0 -1 0 
000078.jpg
-0.707107 0.707107 0 0 
-0.707107 -0.707107 -4.37114e-08 0 
-3.09086e-08 -3.09086e-08 1 -1.2 
0 0 0 1 
1.29904 0 0 0 
0 1.73205 0 0 
0 0 -1.10526 -1.05263 
0 0 -1 0 
000079.jpg
-0.382684 0.923879 0 0 
-0.92388 -0.382684 -4.37114e-08 0 
-4.03841e-08 -1.67276e-08 1 -1.2 
0 0 0 1 
1.29904 0 0 0 
0 1.73205 0 0 
0 0 -1.10526 -1.05263 
0 0 -1 0 
000080.jpg
-4.37114e-08 1 0 0 
-0.92388 -4.03841e-08 -0.382683 0 
-0.382684 -1.67276e-08 0.923879 -1.2 
0 0 0 1 
1.29904 0 0 0 
0 1.73205 0 0 
0 0 -1.10526 -1.05263 
0 0 -1 0 
000081.jpg
0.382683 0.92388 0 0 
-0.853553 0.353553 -0.382684 0 
-0.353553 0.146447 0.92388 -1.2 
0 0 0 1 
1.29904 0 0 0 
0 1.73205 0 0 
0 0 -1.10526 -1.05263 
0 0 -1 0 
000082.jpg
0.707107 0.707107 0 0 
-0.653281 0.653281 -0.382684 0 
-0.270598 0.270598 0.92388 -1.2 
0 0 0 1 
1.29904 0 0 0 
0 1.73205 0 0 
0 0 -1.10526 -1.05263 
0 0 -1 0 
000083.jpg
0.92388 0.382683 0 0 
-0.353553 0.853553 -0.382684 0 
-0.146447 0.353553 0.92388 -1.2 
0 0 0 1 
1.29904 0 0 0 
0 1.73205 0 0 
0 0 -1.10526 -1.05263 
0 0 -1 0 
000084.jpg
1 0 0 0 
0 0.92388 -0.382684 0 
0 0.382684 0.92388 -1.2 
0 0 0 1 
1.29904 0 0 0 
0 1.73205 0 0 
0 0 -1.10526 -1.05263 
0 0 -1 0 
000085.jpg
0.92388 -0.382683 0 0 
0.353553 0.853553 -0.382684 0 
0.146447 0.353553 0.92388 -1.2 
0 0 0 1 
1.29904 0 0 0 
0 1.73205 0 0 
0 0 -1.10526 -1.05263 
0 0 -1 0 
000086.jpg
0.707107 -0.707107 0 0 
0.653281 0.653282 -0.382684 0 
0.270598 0.270598 0.92388 -1.2 
0 0 0 1 
1.29904 0 0 0 
0 1.73205 0 0 
0 0 -1.10526 -1.05263 
0 0 -1 0 
000087.jpg
0.382683 -0.92388 0 0 
0.853553 0.353553 -0.382684 0 
0.353553 0.146447 0.92388 -1.2 
0 0 0 1 
1.29904 0 0 0 
0 1.73205 0 0 
0 0 -1.10526 -1.05263 
0 0 -1 0 
000088.jpg
-4.37114e-08 -1 0 0 
0.92388 -4.03841e-08 -0.382683 0 
0.382684 -1.67276e-08 0.923879 -1.2 
0 0 0 1 
1.29904 0 0 0 
0 1.73205 0 0 
0 0 -1.10526 -1.05263 
0 0 -1 0 
000089.jpg
-0.382683 -0.92388 0 0 
0.853553 -0.353553 -0.382684 0 
0.353553 -0.146447 0.92388 -1.2 
0 0 0 1 
1.29904 0 0 0 
0 1.73205 0 0 
0 0 -1.10526 -1.05263 
0 0 -1 0 
000090.jpg
-0.707107 -0.707107 0 0 
0.653281 -0.653281 -0.382684 0 
0.270598 -0.270598 0.92388 -1.2 
0 0 0 1 
1.29904 0 0 0 
0 1.73205 0 0 
0 0 -1.10526 -1.05263 
0 0 -1 0 
000091.jpg
-0.92388 -0.382683 0 0 
0.353553 -0.853553 -0.382684 0 
0.146447 -0.353554 0.92388 -1.2 
0 0 0 1 
1.29904 0 0 0 
0 1.73205 0 0 
0 0 -1.10526 -1.05263 
0 0 -1 0 
000092.jpg
-1 -1.50996e-07 0 0 
1.39502e-07 -0.92388 -0.382684 0 
5.77836e-08 -0.382684 0.92388 -1.2 
0 0 0 1 
1.29904 0 0 0 
0 1.73205 0 0 
0 0 -1.10526 -1.05263 
0 0 -1 0 
000093.jpg
-0.92388 0.382683 0 0 
-0.353553 -0.853553 -0.382684 0 
-0.146447 -0.353553 0.92388 -1.2 
0 0 0 1 
1.29904 0 0 0 
0 1.73205 0 0 
0 0 -1.10526 -1.05263 
0 0 -1 0 
000094.jpg
-0.707107 0.707107 0 0 
-0.653282 -0.653281 -0.382683 0 
-0.270598 -0.270598 0.923879 -1.2 
0 0 0 1 
1.29904 0 0 0 
0 1.73205 0 0 
0 0 -1.10526 -1.05263 
0 0 -1 0 
000095.jpg
-0.382684 0.92388 0 0 
-0.853553 -0.353554 -0.382683 0 
-0.353553 -0.146447 0.923879 -1.2 
0 0 0 1 
1.29904 0 0 0 
0 1.73205 0 0 
0 0 -1.10526 -1.05263 
0 0 -1 0 
000096.jpg
-4.37114e-08 1 0 0 
-0.707107 -3.09086e-08 -0.707107 0 
-0.707107 -3.09086e-08 0.707107 -1.2 
0 0 0 1 
1.29904 0 0 0 
0 1.73205 0 0 
0 0 -1.10526 -1.05263 
0 0 -1 0 
000097.jpg
0.382683 0.92388 0 0 
-0.653282 0.270598 -0.707107 0 
-0.653282 0.270598 0.707107 -1.2 
0 0 0 1 
1.29904 0 0 0 
0 1.73205 0 0 
0 0 -1.10526 -1.05263 
0 0 -1 0 
000098.jpg
0.707107 0.707107 0 0 
-0.5 0.5 -0.707107 0 
-0.5 0.5 0.707107 -1.2 
0 0 0 1 
1.29904 0 0 0 
0 1.73205 0 0 
0 0 -1.10526 -1.05263 
0 0 -1 0 
000099.jpg
0.92388 0.382683 0 0 
-0.270598 0.653282 -0.707107 0 
-0.270598 0.653282 0.707107 -1.2 
0 0 0 1 
1.29904 0 0 0 
0 1.73205 0 0 
0 0 -1.10526 -1.05263 
0 0 -1 0 
000100.jpg
1 0 0 0 
0 0.707107 -0.707107 0 
0 0.707107 0.707107 -1.2 
0 0 0 1 
1.29904 0 0 0 
0 1.73205 0 0 
0 0 -1.10526 -1.05263 
0 0 -1 0 
000101.jpg
0.92388 -0.382683 0 0 
0.270598 0.653282 -0.707107 0 
0.270598 0.653282 0.707107 -1.2 
0 0 0 1 
1.29904 0 0 0 
0 1.73205 0 0 
0 0 -1.10526 -1.05263 
0 0 -1 0 
000102.jpg
0.707107 -0.707107 0 0 
0.5 0.5 -0.707107 0 
0.5 0.5 0.707107 -1.2 
0 0 0 1 
1.29904 0 0 0 
0 1.73205 0 0 
0 0 -1.10526 -1.05263 
0 0 -1 0 
000103.jpg
0.382683 -0.92388 0 0 
0.653282 0.270598 -0.707107 0 
0.653282 0.270598 0.707107 -1.2 
0 0 0 1 
1.29904 0 0 0 
0 1.73205 0 0 
0 0 -1.10526 -1.05263 
0 0 -1 0 
000104.jpg
-4.37114e-08 -1 0 0 
0.707107 -3.09086e-08 -0.707107 0 
0.707107 -3.09086e-08 0.707107 -1.2 
0 0 0 1 
1.29904 0 0 0 
0 1.73205 0 0 
0 0 -1.10526 -1.05263 
0 0 -1 0 
000105.jpg
-0.382683 -0.92388 0 0 
0.653282 -0.270598 -0.707107 0 
0.653282 -0.270598 0.707107 -1.2 
0 0 0 1 
1.29904 0 0 0 
0 1.73205 0 0 
0 0 -1.10526 -1.05263 
0 0 -1 0 
000106.jpg
-0.707107 -0.707107 0 0 
0.5 -0.5 -0.707107 0 
0.5 -0.5 0.707107 -1.2 
0 0 0 1 
1.29904 0 0 0 
0 1.73205 0 0 
0 0 -1.10526 -1.05263 
0 0 -1 0 
000107.jpg
-0.92388 -0.382683 0 0 
0.270598 -0.653282 -0.707107 0 
0.270598 -0.653282 0.707107 -1.2 
0 0 0 1 
1.29904 0 0 0 
0 1.73205 0 0 
0 0 -1.10526 -1.05263 
0 0 -1 0 
000108.jpg
-1 -1.50996e-07 0 0 
1.0677e-07 -0.707107 -0.707107 0 
1.0677e-07 -0.707107 0.707107 -1.2 
0 0 0 1 
1.29904 0 0 0 
0 1.73205 0 0 
0 0 -1.10526 -1.05263 
0 0 -1 0 
000109.jpg
-0.92388 0.382683 0 0 
-0.270598 -0.653282 -0.707107 0 
-0.270598 -0.653282 0.707107 -1.2 
0 0 0 1 
1.29904 0 0 0 
0 1.73205 0 0 
0 0 -1.10526 -1.05263 
0 0 -1 0 
000110.jpg
-0.707107 0.707107 0 0 
-0.5 -0.5 -0.707107 0 
-0.5 -0.5 0.707107 -1.2 
0 0 0 1 
1.29904 0 0 0 
0 1.73205 0 0 
0 0 -1.10526 -1.05263 
0 0 -1 0 
000111.jpg
-0.382684 0.92388 0 0 
-0.653281 -0.270598 -0.707107 0 
-0.653281 -0.270598 0.707107 -1.2 
0 0 0 1 
1.29904 0 0 0 
0 1.73205 0 0 
0 0 -1.10526 -1.05263 
0 0 -1 0 
000112.jpg
-4.37114e-08 1 0 0 
-0.382683 -1.67276e-08 -0.92388 0 
-0.92388 -4.03841e-08 0.382683 -1.2 
0 0 0 1 
1.29904 0 0 0 
0 1.73205 0 0 
0 0 -1.10526 -1.05263 
0 0 -1 0 
000113.jpg
0.382683 0.92388 0 0 
-0.353553 0.146447 -0.92388 0 
-0.853553 0.353553 0.382683 -1.2 
0 0 0 1 
1.29904 0 0 0 
0 1.73205 0 0 
0 0 -1.10526 -1.05263 
0 0 -1 0 
000114.jpg
0.707107 0.707107 0 0 
-0.270598 0.270598 -0.92388 0 
-0.653282 0.653282 0.382683 -1.2 
0 0 0 1 
1.29904 0 0 0 
0 1.73205 0 0 
0 0 -1.10526 -1.05263 
0 0 -1 0 
000115.jpg
0.92388 0.382683 0 0 
-0.146447 0.353553 -0.92388 0 
-0.353553 0.853553 0.382683 -1.2 
0 0 0 1 
1.29904 0 0 0 
0 1.73205 0 0 
0 0 -1.10526 -1.05263 
0 0 -1 0 
000116.jpg
1 0 0 0 
0 0.382683 -0.92388 0 
0 0.92388 0.382683 -1.2 
0 0 0 1 
1.29904 0 0 0 
0 1.73205 0 0 
0 0 -1.10526 -1.05263 
0 0 -1 0 
000117.jpg
0.92388 -0.382683 0 0 
0.146447 0.353553 -0.92388 0 
0.353553 0.853553 0.382683 -1.2 
0 0 0 1 
1.29904 0 0 0 
0 1.73205 0 0 
0 0 -1.10526 -1.05263 
0 0 -1 0 
000118.jpg
0.707107 -0.707107 0 0 
0.270598 0.270598 -0.92388 0 
0.653282 0.653282 0.382683 -1.2 
0 0 0 1 
1.29904 0 0 0 
0 1.73205 0 0 
0 0 -1.10526 -1.05263 
0 0 -1 0 
000119.jpg
0.382683 -0.92388 0 0 
0.353553 0.146447 -0.92388 0 
0.853554 0.353553 0.382683 -1.2 
0 0 0 1 
1.29904 0 0 0 
0 1.73205 0 0 
0 0 -1.10526 -1.05263 
0 0 -1 0 
000120.jpg
-4.37114e-08 -1 0 0 
0.382683 -1.67276e-08 -0.92388 0 
0.92388 -4.03841e-08 0.382683 -1.2 
0 0 0 1 
1.29904 0 0 0 
0 1.73205 0 0 
0 0 -1.10526 -1.05263 
0 0 -1 0 
000121.jpg
-0.382683 -0.92388 0 0 
0.353553 -0.146447 -0.92388 0 
0.853553 -0.353553 0.382683 -1.2 
0 0 0 1 
1.29904 0 0 0 
0 1.73205 0 0 
0 0 -1.10526 -1.05263 
0 0 -1 0 
000122.jpg
-0.707107 -0.707107 0 0 
0.270598 -0.270598 -0.92388 0 
0.653282 -0.653282 0.382683 -1.2 
0 0 0 1 
1.29904 0 0 0 
0 1.73205 0 0 
0 0 -1.10526 -1.05263 
0 0 -1 0 
000123.jpg
-0.92388 -0.382683 0 0 
0.146446 -0.353553 -0.92388 0 
0.353553 -0.853554 0.382683 -1.2 
0 0 0 1 
1.29904 0 0 0 
0 1.73205 0 0 
0 0 -1.10526 -1.05263 
0 0 -1 0 
000124.jpg
-1 -1.50996e-07 0 0 
5.77836e-08 -0.382683 -0.92388 0 
1.39502e-07 -0.92388 0.382683 -1.2 
0 0 0 1 
1.29904 0 0 0 
0 1.73205 0 0 
0 0 -1.10526 -1.05263 
0 0 -1 0 
000125.jpg
-0.92388 0.382683 0 0 
-0.146447 -0.353553 -0.92388 0 
-0.353553 -0.853554 0.382683 -1.2 
0 0 0 1 
1.29904 0 0 0 
0 1.73205 0 0 
0 0 -1.10526 -1.05263 
0 0 -1 0 
000126.jpg
-0.707107 0.707107 0 0 
-0.270598 -0.270598 -0.92388 0 
-0.653282 -0.653281 0.382683 -1.2 
0 0 0 1 
1.29904 0 0 0 
0 1.73205 0 0 
0 0 -1.10526 -1.05263 
0 0 -1 0 
000127.jpg
-0.382684 0.92388 0 0 
-0.353553 -0.146447 -0.92388 0 
-0.853553 -0.353554 0.382683 -1.2 
0 0 0 1 
1.29904 0 0 0 
0 1.73205 0 0 
0 0 -1.10526 -1.05263 
0 0 -1 0 
000128.jpg
-4.37114e-08 1 0 0 
8.74228e-08 3.82137e-15 -1 0 
-1 -4.37114e-08 -8.74228e-08 -1.2 
0 0 0 1 
1.29904 0 0 0 
0 1.73205 0 0 
0 0 -1.10526 -1.05263 
0 0 -1 0 
000129.jpg
0.382683 0.92388 0 0 
8.07681e-08 -3.34553e-08 -1 0 
-0.92388 0.382683 -8.74228e-08 -1.2 
0 0 0 1 
1.29904 0 0 0 
0 1.73205 0 0 
0 0 -1.10526 -1.05263 
0 0 -1 0 
000130.jpg
0.707107 0.707107 0 0 
6.18172e-08 -6.18172e-08 -1 0 
-0.707107 0.707107 -8.74228e-08 -1.2 
0 0 0 1 
1.29904 0 0 0 
0 1.73205 0 0 
0 0 -1.10526 -1.05263 
0 0 -1 0 
000131.jpg
0.92388 0.382683 0 0 
3.34553e-08 -8.07681e-08 -1 0 
-0.382683 0.92388 -8.74228e-08 -1.2 
0 0 0 1 
1.29904 0 0 0 
0 1.73205 0 0 
0 0 -1.10526 -1.05263 
0 0 -1 0 
000132.jpg
1 0 0 0 
0 -8.74228e-08 -1 0 
0 1 -8.74228e-08 -1.2 
0 0 0 1 
1.29904 0 0 0 
0 1.73205 0 0 
0 0 -1.10526 -1.05263 
0 0 -1 0 
000133.jpg
0.92388 -0.382683 0 0 
-3.34553e-08 -8.07681e-08 -1 0 
0.382683 0.92388 -8.74228e-08 -1.2 
0 0 0 1 
1.29904 0 0 0 
0 1.73205 0 0 
0 0 -1.10526 -1.05263 
0 0 -1 0 
000134.jpg
0.707107 -0.707107 0 0 
-6.18172e-08 -6.18172e-08 -1 0 
0.707107 0.707107 -8.74228e-08 -1.2 
0 0 0 1 
1.29904 0 0 0 
0 1.73205 0 0 
0 0 -1.10526 -1.05263 
0 0 -1 0 
000135.jpg
0.382683 -0.92388 0 0 
-8.07681e-08 -3.34552e-08 -1 0 
0.92388 0.382683 -8.74228e-08 -1.2 
0 0 0 1 
1.29904 0 0 0 
0 1.73205 0 0 
0 0 -1.10526 -1.05263 
0 0 -1 0 
000136.jpg
-4.37114e-08 -1 0 0 
-8.74228e-08 3.82137e-15 -1 0 
1 -4.37114e-08 -8.74228e-08 -1.2 
0 0 0 1 
1.29904 0 0 0 
0 1.73205 0 0 
0 0 -1.10526 -1.05263 
0 0 -1 0 
000137.jpg
-0.382683 -0.92388 0 0 
-8.07681e-08 3.34552e-08 -1 0 
0.92388 -0.382683 -8.74228e-08 -1.2 
0 0 0 1 
1.29904 0 0 0 
0 1.73205 0 0 
0 0 -1.10526 -1.05263 
0 0 -1 0 
000138.jpg
-0.707107 -0.707107 0 0 
-6.18172e-08 6.18172e-08 -1 0 
0.707107 -0.707107 -8.74228e-08 -1.2 
0 0 0 1 
1.29904 0 0 0 
0 1.73205 0 0 
0 0 -1.10526 -1.05263 
0 0 -1 0 
000139.jpg
-0.92388 -0.382683 0 0 
-3.34552e-08 8.07681e-08 -1 0 
0.382683 -0.92388 -8.74228e-08 -1.2 
0 0 0 1 
1.29904 0 0 0 
0 1.73205 0 0 
0 0 -1.10526 -1.05263 
0 0 -1 0 
000140.jpg
-1 -1.50996e-07 0 0 
-1.32005e-14 8.74228e-08 -1 0 
1.50996e-07 -1 -8.74228e-08 -1.2 
0 0 0 1 
1.29904 0 0 0 
0 1.73205 0 0 
0 0 -1.10526 -1.05263 
0 0 -1 0 
000141.jpg
-0.92388 0.382683 0 0 
3.34553e-08 8.07681e-08 -1 0 
-0.382683 -0.92388 -8.74228e-08 -1.2 
0 0 0 1 
1.29904 0 0 0 
0 1.73205 0 0 
0 0 -1.10526 -1.05263 
0 0 -1 0 
000142.jpg
-0.707107 0.707107 0 0 
6.18172e-08 6.18172e-08 -1 0 
-0.707107 -0.707107 -8.74228e-08 -1.2 
0 0 0 1 
1.29904 0 0 0 
0 1.73205 0 0 
0 0 -1.10526 -1.05263 
0 0 -1 0 
000143.jpg
-0.382684 0.92388 0 0 
8.07681e-08 3.34553e-08 -1 0 
-0.92388 -0.382684 -8.74228e-08 -1.2 
0 0 0 1 
1.29904 0 0 0 
0 1.73205 0 0 
0 0 -1.10526 -1.05263 
0 0 -1 0 
000144.jpg
-4.37114e-08 1 0 0 
0.382683 1.67276e-08 -0.92388 0 
-0.92388 -4.03841e-08 -0.382683 -1.2 
0 0 0 1 
1.29904 0 0 0 
0 1.73205 0 0 
0 0 -1.10526 -1.05263 
0 0 -1 0 
000145.jpg
0.382683 0.92388 0 0 
0.353553 -0.146447 -0.92388 0 
-0.853553 0.353553 -0.382683 -1.2 
0 0 0 1 
1.29904 0 0 0 
0 1.73205 0 0 
0 0 -1.10526 -1.05263 
0 0 -1 0 
000146.jpg
0.707107 0.707107 0 0 
0.270598 -0.270598 -0.92388 0 
-0.653282 0.653282 -0.382683 -1.2 
0 0 0 1 
1.29904 0 0 0 
0 1.73205 0 0 
0 0 -1.10526 -1.05263 
0 0 -1 0 
000147.jpg
0.92388 0.382683 0 0 
0.146447 -0.353553 -0.92388 0 
-0.353553 0.853553 -0.382683 -1.2 
0 0 0 1 
1.29904 0 0 0 
0 1.73205 0 0 
0 0 -1.10526 -1.05263 
0 0 -1 0 
000148.jpg
1 0 0 0 
0 -0.382683 -0.92388 0 
0 0.92388 -0.382683 -1.2 
0 0 0 1 
1.29904 0 0 0 
0 1.73205 0 0 
0 0 -1.10526 -1.05263 
0 0 -1 0 
000149.jpg
0.92388 -0.382683 0 0 
-0.146447 -0.353553 -0.92388 0 
0.353553 0.853553 -0.382683 -1.2 
0 0 0 1 
1.29904 0 0 0 
0 1.73205 0 0 
0 0 -1.10526 -1.05263 
0 0 -1 0 
000150.jpg
0.707107 -0.707107 0 0 
-0.270598 -0.270598 -0.92388 0 
0.653281 0.653282 -0.382683 -1.2 
0 0 0 1 
1.29904 0 0 0 
0 1.73205 0 0 
0 0 -1.10526 -1.05263 
0 0 -1 0 
000151.jpg
0.382683 -0.92388 0 0 
-0.353553 -0.146447 -0.92388 0 
0.853553 0.353553 -0.382683 -1.2 
0 0 0 1 
1.29904 0 0 0 
0 1.73205 0 0 
0 0 -1.10526 -1.05263 
0 0 -1 0 
000152.jpg
-4.37114e-08 -1 0 0 
-0.382683 1.67276e-08 -0.92388 0 
0.92388 -4.03841e-08 -0.382683 -1.2 
0 0 0 1 
1.29904 0 0 0 
0 1.73205 0 0 
0 0 -1.10526 -1.05263 
0 0 -1 0 
000153.jpg
-0.382683 -0.92388 0 0 
-0.353553 0.146447 -0.92388 0 
0.853553 -0.353553 -0.382683 -1.2 
0 0 0 1 
1.29904 0 0 0 
0 1.73205 0 0 
0 0 -1.10526 -1.05263 
0 0 -1 0 
000154.jpg
-0.707107 -0.707107 0 0 
-0.270598 0.270598 -0.92388 0 
0.653282 -0.653282 -0.382683 -1.2 
0 0 0 1 
1.29904 0 0 0 
0 1.73205 0 0 
0 0 -1.10526 -1.05263 
0 0 -1 0 
000155.jpg
-0.92388 -0.382683 0 0 
-0.146447 0.353553 -0.92388 0 
0.353553 -0.853553 -0.382683 -1.2 
0 0 0 1 
1.29904 0 0 0 
0 1.73205 0 0 
0 0 -1.10526 -1.05263 
0 0 -1 0 
000156.jpg
-1 -1.50996e-07 0 0 
-5.77836e-08 0.382683 -0.92388 0 
1.39502e-07 -0.92388 -0.382683 -1.2 
0 0 0 1 
1.29904 0 0 0 
0 1.73205 0 0 
0 0 -1.10526 -1.05263 
0 0 -1 0 
000157.jpg
-0.92388 0.382683 0 0 
0.146447 0.353553 -0.92388 0 
-0.353553 -0.853553 -0.382683 -1.2 
0 0 0 1 
1.29904 0 0 0 
0 1.73205 0 0 
0 0 -1.10526 -1.05263 
0 0 -1 0 
000158.jpg
-0.707107 0.707107 0 0 
0.270598 0.270598 -0.92388 0 
-0.653282 -0.653281 -0.382683 -1.2 
0 0 0 1 
1.29904 0 0 0 
0 1.73205 0 0 
0 0 -1.10526 -1.05263 
0 0 -1 0 
000159.jpg
-0.382684 0.92388 0 0 
0.353553 0.146447 -0.923879 0 
-0.853553 -0.353554 -0.382683 -1.2 
0 0 0 1 
1.29904 0 0 0 
0 1.73205 0 0 
0 0 -1.10526 -1.05263 
0 0 -1 0 
000160.jpg
-4.37114e-08 1 0 0 
0.707107 3.09086e-08 -0.707107 0 
-0.707107 -3.09086e-08 -0.707107 -1.2 
0 0 0 1 
1.29904 0 0 0 
0 1.73205 0 0 
0 0 -1.10526 -1.05263 
0 0 -1 0 
000161.jpg
0.382683 0.92388 0 0 
0.653282 -0.270598 -0.707107 0 
-0.653281 0.270598 -0.707107 -1.2 
0 0 0 1 
1.29904 0 0 0 
0 1.73205 0 0 
0 0 -1.10526 -1.05263 
0 0 -1 0 
000162.jpg
0.707107 0.707107 0 0 
0.5 -0.5 -0.707107 0 
-0.5 0.5 -0.707107 -1.2 
0 0 0 1 
1.29904 0 0 0 
0 1.73205 0 0 
0 0 -1.10526 -1.05263 
0 0 -1 0 
000163.jpg
0.92388 0.382683 0 0 
0.270598 -0.653282 -0.707107 0 
-0.270598 0.653281 -0.707107 -1.2 
0 0 0 1 
1.29904 0 0 0 
0 1.73205 0 0 
0 0 -1.10526 -1.05263 
0 0 -1 0 
000164.jpg
1 0 0 0 
0 -0.707107 -0.707107 0 
0 0.707107 -0.707107 -1.2 
0 0 0 1 
1.29904 0 0 0 
0 1.73205 0 0 
0 0 -1.10526 -1.05263 
0 0 -1 0 
000165.jpg
0.92388 -0.382683 0 0 
-0.270598 -0.653282 -0.707107 0 
0.270598 0.653281 -0.707107 -1.2 
0 0 0 1 
1.29904 0 0 0 
0 1.73205 0 0 
0 0 -1.10526 -1.05263 
0 0 -1 0 
000166.jpg
0.707107 -0.707107 0 0 
-0.5 -0.5 -0.707107 0 
0.5 0.5 -0.707107 -1.2 
0 0 0 1 
1.29904 0 0 0 
0 1.73205 0 0 
0 0 -1.10526 -1.05263 
0 0 -1 0 
000167.jpg
0.382683 -0.92388 0 0 
-0.653282 -0.270598 -0.707107 0 
0.653281 0.270598 -0.707107 -1.2 
0 0 0 1 
1.29904 0 0 0 
0 1.73205 0 0 
0 0 -1.10526 -1.05263 
0 0 -1 0 
000168.jpg
-4.37114e-08 -1 0 0 
-0.707107 3.09086e-08 -0.707107 0 
0.707107 -3.09086e-08 -0.707107 -1.2 
0 0 0 1 
1.29904 0 0 0 
0 1.73205 0 0 
0 0 -1.10526 -1.05263 
0 0 -1 0 
000169.jpg
-0.382683 -0.92388 0 0 
-0.653282 0.270598 -0.707107 0 
0.653281 -0.270598 -0.707107 -1.2 
0 0 0 1 
1.29904 0 0 0 
0 1.73205 0 0 
0 0 -1.10526 -1.05263 
0 0 -1 0 
000170.jpg
-0.707107 -0.707107 0 0 
-0.5 0.5 -0.707107 0 
0.5 -0.5 -0.707107 -1.2 
0 0 0 1 
1.29904 0 0 0 
0 1.73205 0 0 
0 0 -1.10526 -1.05263 
0 0 -1 0 
000171.jpg
-0.92388 -0.382683 0 0 
-0.270598 0.653282 -0.707107 0 
0.270598 -0.653281 -0.707107 -1.2 
0 0 0 1 
1.29904 0 0 0 
0 1.73205 0 0 
0 0 -1.10526 -1.05263 
0 0 -1 0 
000172.jpg
-1 -1.50996e-07 0 0 
-1.0677e-07 0.707107 -0.707107 0 
1.0677e-07 -0.707107 -0.707107 -1.2 
0 0 0 1 
1.29904 0 0 0 
0 1.73205 0 0 
0 0 -1.10526 -1.05263 
0 0 -1 0 
000173.jpg
-0.92388 0.382683 0 0 
0.270598 0.653282 -0.707107 0 
-0.270598 -0.653281 -0.707107 -1.2 
0 0 0 1 
1.29904 0 0 0 
0 1.73205 0 0 
0 0 -1.10526 -1.05263 
0 0 -1 0 
000174.jpg
-0.707107 0.707107 0 0 
0.5 0.5 -0.707107 0 
-0.5 -0.5 -0.707107 -1.2 
0 0 0 1 
1.29904 0 0 0 
0 1.73205 0 0 
0 0 -1.10526 -1.05263 
0 0 -1 0 
000175.jpg
-0.382684 0.923879 0 0 
0.653282 0.270598 -0.707107 0 
-0.653281 -0.270598 -0.707107 -1.2 
0 0 0 1 
1.29904 0 0 0 
0 1.73205 0 0 
0 0 -1.10526 -1.05263 
0 0 -1 0 
000176.jpg
-4.37114e-08 1 0 0 
0.92388 4.03841e-08 -0.382683 0 
-0.382683 -1.67276e-08 -0.92388 -1.2 
0 0 0 1 
1.29904 0 0 0 
0 1.73205 0 0 
0 0 -1.10526 -1.05263 
0 0 -1 0 
000177.jpg
0.382683 0.92388 0 0 
0.853554 -0.353553 -0.382683 0 
-0.353553 0.146447 -0.92388 -1.2 
0 0 0 1 
1.29904 0 0 0 
0 1.73205 0 0 
0 0 -1.10526 -1.05263 
0 0 -1 0 
000178.jpg
0.707107 0.707107 0 0 
0.653282 -0.653282 -0.382683 0 
-0.270598 0.270598 -0.92388 -1.2 
0 0 0 1 
1.29904 0 0 0 
0 1.73205 0 0 
0 0 -1.10526 -1.05263 
0 0 -1 0 
000179.jpg
0.92388 0.382683 0 0 
0.353553 -0.853553 -0.382683 0 
-0.146446 0.353553 -0.92388 -1.2 
0 0 0 1 
1.29904 0 0 0 
0 1.73205 0 0 
0 0 -1.10526 -1.05263 
0 0 -1 0 
000180.jpg
1 0 0 0 
0 -0.92388 -0.382683 0 
0 0.382683 -0.92388 -1.2 
0 0 0 1 
1.29904 0 0 0 
0 1.73205 0 0 
0 0 -1.10526 -1.05263 
0 0 -1 0 
000181.jpg
0.92388 -0.382683 0 0 
-0.353553 -0.853553 -0.382683 0 
0.146446 0.353553 -0.92388 -1.2 
0 0 0 1 
1.29904 0 0 0 
0 1.73205 0 0 
0 0 -1.10526 -1.05263 
0 0 -1 0 
000182.jpg
0.707107 -0.707107 0 0 
-0.653282 -0.653282 -0.382683 0 
0.270598 0.270598 -0.92388 -1.2 
0 0 0 1 
1.29904 0 0 0 
0 1.73205 0 0 
0 0 -1.10526 -1.05263 
0 0 -1 0 
000183.jpg
0.382683 -0.92388 0 0 
-0.853554 -0.353553 -0.382683 0 
0.353553 0.146446 -0.92388 -1.2 
0 0 0 1 
1.29904 0 0 0 
0 1.73205 0 0 
0 0 -1.10526 -1.05263 
0 0 -1 0 
000184.jpg
-4.37114e-08 -1 0 0 
-0.92388 4.03841e-08 -0.382683 0 
0.382683 -1.67276e-08 -0.92388 -1.2 
0 0 0 1 
1.29904 0 0 0 
0 1.73205 0 0 
0 0 -1.10526 -1.05263 
0 0 -1 0 
000185.jpg
-0.382683 -0.92388 0 0 
-0.853554 0.353553 -0.382683 0 
0.353553 -0.146446 -0.92388 -1.2 
0 0 0 1 
1.29904 0 0 0 
0 1.73205 0 0 
0 0 -1.10526 -1.05263 
0 0 -1 0 
000186.jpg
-0.707107 -0.707107 0 0 
-0.653282 0.653282 -0.382683 0 
0.270598 -0.270598 -0.92388 -1.2 
0 0 0 1 
1.29904 0 0 0 
0 1.73205 0 0 
0 0 -1.10526 -1.05263 
0 0 -1 0 
000187.jpg
-0.92388 -0.382683 0 0 
-0.353553 0.853554 -0.382683 0 
0.146446 -0.353553 -0.92388 -1.2 
0 0 0 1 
1.29904 0 0 0 
0 1.73205 0 0 
0 0 -1.10526 -1.05263 
0 0 -1 0 
000188.jpg
-1 -1.50996e-07 0 0 
-1.39502e-07 0.92388 -0.382683 0 
5.77835e-08 -0.382683 -0.92388 -1.2 
0 0 0 1 
1.29904 0 0 0 
0 1.73205 0 0 
0 0 -1.10526 -1.05263 
0 0 -1 0 
000189.jpg
-0.92388 0.382683 0 0 
0.353553 0.853553 -0.382683 0 
-0.146446 -0.353553 -0.92388 -1.2 
0 0 0 1 
1.29904 0 0 0 
0 1.73205 0 0 
0 0 -1.10526 -1.05263 
0 0 -1 0 
000190.jpg
-0.707107 0.707107 0 0 
0.653282 0.653281 -0.382683 0 
-0.270598 -0.270598 -0.92388 -1.2 
0 0 0 1 
1.29904 0 0 0 
0 1.73205 0 0 
0 0 -1.10526 -1.05263 
0 0 -1 0 
000191.jpg
-0.382684 0.92388 0 0 
0.853553 0.353554 -0.382683 0 
-0.353553 -0.146447 -0.92388 -1.2 
0 0 0 1 
1.29904 0 0 0 
0 1.73205 0 0 
0 0 -1.10526 -1.05263 
0 0 -1 0 
000192.jpg
-4.37114e-08 1 0 0 
1 4.37114e-08 1.19249e-08 0 
1.19249e-08 5.21253e-16 -1 -1.2 
0 0 0 1 
1.29904 0 0 0 
0 1.73205 0 0 
0 0 -1.10526 -1.05263 
0 0 -1 0 
000193.jpg
0.382683 0.92388 0 0 
0.92388 -0.382683 1.19249e-08 0 
1.10172e-08 -4.56345e-09 -1 -1.2 
0 0 0 1 
1.29904 0 0 0 
0 1.73205 0 0 
0 0 -1.10526 -1.05263 
0 0 -1 0 
000194.jpg
0.707107 0.707107 0 0 
0.707107 -0.707107 1.19249e-08 0 
8.43216e-09 -8.43216e-09 -1 -1.2 
0 0 0 1 
1.29904 0 0 0 
0 1.73205 0 0 
0 0 -1.10526 -1.05263 
0 0 -1 0 
000195.jpg
0.92388 0.382683 0 0 
0.382683 -0.92388 1.19249e-08 0 
4.56345e-09 -1.10172e-08 -1 -1.2 
0 0 0 1 
1.29904 0 0 0 
0 1.73205 0 0 
0 0 -1.10526 -1.05263 
0 0 -1 0 
000196.jpg
1 0 0 0 
0 -1 1.19249e-08 0 
-0 -1.19249e-08 -1 -1.2 
0 0 0 1 
1.29904 0 0 0 
0 1.73205 0 0 
0 0 -1.10526 -1.05263 
0 0 -1 0 
000197.jpg
0.92388 -0.382683 0 0 
-0.382683 -0.92388 1.19249e-08 0 
-4.56345e-09 -1.10172e-08 -1 -1.2 
0 0 0 1 
1.29904 0 0 0 
0 1.73205 0 0 
0 0 -1.10526 -1.05263 
0 0 -1 0 
000198.jpg
0.707107 -0.707107 0 0 
-0.707107 -0.707107 1.19249e-08 0 
-8.43216e-09 -8.43216e-09 -1 -1.2 
0 0 0 1 
1.29904 0 0 0 
0 1.73205 0 0 
0 0 -1.10526 -1.05263 
0 0 -1 0 
000199.jpg
0.382683 -0.92388 0 0 
-0.92388 -0.382683 1.19249e-08 0 
-1.10172e-08 -4.56345e-09 -1 -1.2 
0 0 0 1 
1.29904 0 0 0 
0 1.73205 0 0 
0 0 -1.10526 -1.05263 
0 0 -1 0 
000200.jpg
-4.37114e-08 -1 0 0 
-1 4.37114e-08 1.19249e-08 0 
-1.19249e-08 5.21253e-16 -1 -1.2 
0 0 0 1 
1.29904 0 0 0 
0 1.73205 0 0 
0 0 -1.10526 -1.05263 
0 0 -1 0 
000201.jpg
-0.382683 -0.92388 0 0 
-0.92388 0.382683 1.19249e-08 0 
-1.10172e-08 4.56345e-09 -1 -1.2 
0 0 0 1 
1.29904 0 0 0 
0 1.73205 0 0 
0 0 -1.10526 -1.05263 
0 0 -1 0 
000202.jpg
-0.707107 -0.707107 0 0 
-0.707107 0.707107 1.19249e-08 0 
-8.43216e-09 8.43216e-09 -1 -1.2 
0 0 0 1 
1.29904 0 0 0 
0 1.73205 0 0 
0 0 -1.10526 -1.05263 
0 0 -1 0 
000203.jpg
-0.92388 -0.382683 0 0 
-0.382683 0.92388 1.19249e-08 0 
-4.56345e-09 1.10172e-08 -1 -1.2 
0 0 0 1 
1.29904 0 0 0 
0 1.73205 0 0 
0 0 -1.10526 -1.05263 
0 0 -1 0 
000204.jpg
-1 -1.50996e-07 0 0 
-1.50996e-07 1 1.19249e-08 0 
-1.80061e-15 1.19249e-08 -1 -1.2 
0 0 0 1 
1.29904 0 0 0 
0 1.73205 0 0 
0 0 -1.10526 -1.05263 
0 0 -1 0 
000205.jpg
-0.92388 0.382683 0 0 
0.382683 0.92388 1.19249e-08 0 
4.56345e-09 1.10172e-08 -1 -1.2 
0 0 0 1 
1.29904 0 0 0 
0 1.73205 0 0 
0 0 -1.10526 -1.05263 
0 0 -1 0 
000206.jpg
-0.707107 0.707107 0 0 
0.707107 0.707107 1.19249e-08 0 
8.43217e-09 8.43216e-09 -1 -1.2 
0 0 0 1 
1.29904 0 0 0 
0 1.73205 0 0 
0 0 -1.10526 -1.05263 
0 0 -1 0 
000207.jpg
-0.382684 0.92388 0 0 
0.92388 0.382684 1.19249e-08 0 
1.10172e-08 4.56346e-09 -1 -1.2 
0 0 0 1 
1.29904 0 0 0 
0 1.73205 0 0 
0 0 -1.10526 -1.05263 
0 0 -1 0 
000208.jpg
-4.37114e-08 1 0 0 
0.923879 4.03841e-08 0.382684 0 
0.382684 1.67276e-08 -0.923879 -1.2 
0 0 0 1 
1.29904 0 0 0 
0 1.73205 0 0 
0 0 -1.10526 -1.05263 
0 0 -1 0 
000209.jpg
0.382683 0.92388 0 0 
0.853553 -0.353553 0.382684 0 
0.353554 -0.146447 -0.92388 -1.2 
0 0 0 1 
1.29904 0 0 0 
0 1.73205 0 0 
0 0 -1.10526 -1.05263 
0 0 -1 0 
000210.jpg
0.707107 0.707107 0 0 
0.653281 -0.653281 0.382684 0 
0.270598 -0.270598 -0.92388 -1.2 
0 0 0 1 
1.29904 0 0 0 
0 1.73205 0 0 
0 0 -1.10526 -1.05263 
0 0 -1 0 
000211.jpg
0.92388 0.382683 0 0 
0.353553 -0.853553 0.382684 0 
0.146447 -0.353554 -0.923879 -1.2 
0 0 0 1 
1.29904 0 0 0 
0 1.73205 0 0 
0 0 -1.10526 -1.05263 
0 0 -1 0 
000212.jpg
1 0 0 0 
0 -0.923879 0.382684 0 
-0 -0.382684 -0.923879 -1.2 
0 0 0 1 
1.29904 0 0 0 
0 1.73205 0 0 
0 0 -1.10526 -1.05263 
0 0 -1 0 
000213.jpg
0.92388 -0.382683 0 0 
-0.353553 -0.853553 0.382684 0 
-0.146447 -0.353554 -0.923879 -1.2 
0 0 0 1 
1.29904 0 0 0 
0 1.73205 0 0 
0 0 -1.10526 -1.05263 
0 0 -1 0 
000214.jpg
0.707107 -0.707107 0 0 
-0.653281 -0.653281 0.382684 0 
-0.270598 -0.270598 -0.923879 -1.2 
0 0 0 1 
1.29904 0 0 0 
0 1.73205 0 0 
0 0 -1.10526 -1.05263 
0 0 -1 0 
000215.jpg
0.382683 -0.92388 0 0 
-0.853553 -0.353553 0.382684 0 
-0.353554 -0.146447 -0.923879 -1.2 
0 0 0 1 
1.29904 0 0 0 
0 1.73205 0 0 
0 0 -1.10526 -1.05263 
0 0 -1 0 
000216.jpg
-4.37114e-08 -1 0 0 
-0.923879 4.03841e-08 0.382684 0 
-0.382684 1.67276e-08 -0.923879 -1.2 
0 0 0 1 
1.29904 0 0 0 
0 1.73205 0 0 
0 0 -1.10526 -1.05263 
0 0 -1 0 
000217.jpg
-0.382683 -0.92388 0 0 
-0.853553 0.353553 0.382684 0 
-0.353554 0.146447 -0.923879 -1.2 
0 0 0 1 
1.29904 0 0 0 
0 1.73205 0 0 
0 0 -1.10526 -1.05263 
0 0 -1 0 
000218.jpg
-0.707107 -0.707107 0 0 
-0.653281 0.653281 0.382684 0 
-0.270598 0.270598 -0.92388 -1.2 
0 0 0 1 
1.29904 0 0 0 
0 1.73205 0 0 
0 0 -1.10526 -1.05263 
0 0 -1 0 
000219.jpg
-0.92388 -0.382683 0 0 
-0.353553 0.853553 0.382684 0 
-0.146447 0.353554 -0.923879 -1.2 
0 0 0 1 
1.29904 0 0 0 
0 1.73205 0 0 
0 0 -1.10526 -1.05263 
0 0 -1 0 
000220.jpg
-1 -1.50996e-07 0 0 
-1.39502e-07 0.923879 0.382684 0 
-5.77836e-08 0.382684 -0.923879 -1.2 
0 0 0 1 
1.29904 0 0 0 
0 1.73205 0 0 
0 0 -1.10526 -1.05263 
0 0 -1 0 
000221.jpg
-0.92388 0.382683 0 0 
0.353553 0.853553 0.382684 0 
0.146447 0.353554 -0.923879 -1.2 
0 0 0 1 
1.29904 0 0 0 
0 1.73205 0 0 
0 0 -1.10526 -1.05263 
0 0 -1 0 
000222.jpg
-0.707107 0.707107 0 0 
0.653282 0.653281 0.382684 0 
0.270598 0.270598 -0.923879 -1.2 
0 0 0 1 
1.29904 0 0 0 
0 1.73205 0 0 
0 0 -1.10526 -1.05263 
0 0 -1 0 
000223.jpg
-0.382684 0.92388 0 0 
0.853553 0.353554 0.382684 0 
0.353554 0.146447 -0.923879 -1.2 
0 0 0 1 
1.29904 0 0 0 
0 1.73205 0 0 
0 0 -1.10526 -1.05263 
0 0 -1 0 
000224.jpg
-4.37114e-08 1 0 0 
0.707107 3.09086e-08 0.707107 0 
0.707107 3.09086e-08 -0.707107 -1.2 
0 0 0 1 
1.29904 0 0 0 
0 1.73205 0 0 
0 0 -1.10526 -1.05263 
0 0 -1 0 
000225.jpg
0.382683 0.92388 0 0 
0.653281 -0.270598 0.707107 0 
0.653282 -0.270598 -0.707107 -1.2 
0 0 0 1 
1.29904 0 0 0 
0 1.73205 0 0 
0 0 -1.10526 -1.05263 
0 0 -1 0 
000226.jpg
0.707107 0.707107 0 0 
0.5 -0.5 0.707107 0 
0.5 -0.5 -0.707107 -1.2 
0 0 0 1 
1.29904 0 0 0 
0 1.73205 0 0 
0 0 -1.10526 -1.05263 
0 0 -1 0 
000227.jpg
0.92388 0.382683 0 0 
0.270598 -0.653281 0.707107 0 
0.270598 -0.653282 -0.707107 -1.2 
0 0 0 1 
1.29904 0 0 0 
0 1.73205 0 0 
0 0 -1.10526 -1.05263 
0 0 -1 0 
000228.jpg
1 0 0 0 
0 -0.707107 0.707107 0 
-0 -0.707107 -0.707107 -1.2 
0 0 0 1 
1.29904 0 0 0 
0 1.73205 0 0 
0 0 -1.10526 -1.05263 
0 0 -1 0 
000229.jpg
0.92388 -0.382683 0 0 
-0.270598 -0.653281 0.707107 0 
-0.270598 -0.653282 -0.707107 -1.2 
0 0 0 1 
1.29904 0 0 0 
0 1.73205 0 0 
0 0 -1.10526 -1.05263 
0 0 -1 0 
000230.jpg
0.707107 -0.707107 0 0 
-0.5 -0.5 0.707107 0 
-0.5 -0.5 -0.707107 -1.2 
0 0 0 1 
1.29904 0 0 0 
0 1.73205 0 0 
0 0 -1.10526 -1.05263 
0 0 -1 0 
000231.jpg
0.382683 -0.92388 0 0 
-0.653281 -0.270598 0.707107 0 
-0.653282 -0.270598 -0.707107 -1.2 
0 0 0 1 
1.29904 0 0 0 
0 1.73205 0 0 
0 0 -1.10526 -1.05263 
0 0 -1 0 
000232.jpg
-4.37114e-08 -1 0 0 
-0.707107 3.09086e-08 0.707107 0 
-0.707107 3.09086e-08 -0.707107 -1.2 
0 0 0 1 
1.29904 0 0 0 
0 1.73205 0 0 
0 0 -1.10526 -1.05263 
0 0 -1 0 
000233.jpg
-0.382683 -0.92388 0 0 
-0.653281 0.270598 0.707107 0 
-0.653282 0.270598 -0.707107 -1.2 
0 0 0 1 
1.29904 0 0 0 
0 1.73205 0 0 
0 0 -1.10526 -1.05263 
0 0 -1 0 
000234.jpg
-0.707107 -0.707107 0 0 
-0.5 0.5 0.707107 0 
-0.5 0.5 -0.707107 -1.2 
0 0 0 1 
1.29904 0 0 0 
0 1.73205 0 0 
0 0 -1.10526 -1.05263 
0 0 -1 0 
000235.jpg
-0.92388 -0.382683 0 0 
-0.270598 0.653281 0.707107 0 
-0.270598 0.653282 -0.707107 -1.2 
0 0 0 1 
1.29904 0 0 0 
0 1.73205 0 0 
0 0 -1.10526 -1.05263 
0 0 -1 0 
000236.jpg
-1 -1.50996e-07 0 0 
-1.0677e-07 0.707107 0.707107 0 
-1.0677e-07 0.707107 -0.707107 -1.2 
0 0 0 1 
1.29904 0 0 0 
0 1.73205 0 0 
0 0 -1.10526 -1.05263 
0 0 -1 0 
000237.jpg
-0.92388 0.382683 0 0 
0.270598 0.653281 0.707107 0 
0.270598 0.653282 -0.707107 -1.2 
0 0 0 1 
1.29904 0 0 0 
0 1.73205 0 0 
0 0 -1.10526 -1.05263 
0 0 -1 0 
000238.jpg
-0.707107 0.707107 0 0 
0.5 0.5 0.707107 0 
0.5 0.5 -0.707106 -1.2 
0 0 0 1 
1.29904 0 0 0 
0 1.73205 0 0 
0 0 -1.10526 -1.05263 
0 0 -1 0 
000239.jpg
-0.382684 0.92388 0 0 
0.653281 0.270598 0.707107 0 
